7.885000000000001
8.032
8.088000000000001
8.162
8.272
8.309000000000001
8.365
8.383
8.383
8.419999999999998
8.419999999999998
8.419999999999998
8.494
8.494
8.494
8.549
8.549
8.549
8.549
8.549
8.586
8.586
8.586
8.641
8.66
8.66
8.66
8.66
8.66
8.66
8.66
8.66
8.66
8.66
8.678
8.678
8.678
8.678
8.678
8.678
8.733
8.733
8.733
8.733
8.733
8.733
8.733
8.733
8.733
8.733
8.733
8.733
8.733
8.733
8.733
8.733
8.751
8.751
8.751
8.751
8.751
8.751
8.806000000000001
8.806000000000001
8.806000000000001
8.806000000000001
8.806000000000001
8.806000000000001
8.806000000000001
8.916
8.952000000000002
8.952000000000002
8.952000000000002
8.952000000000002
8.952000000000002
8.952000000000002
8.952000000000002
8.952000000000002
8.952000000000002
8.952000000000002
8.952000000000002
8.952000000000002
8.952000000000002
8.952000000000002
8.952000000000002
8.952000000000002
8.952000000000002
8.952000000000002
8.952000000000002
8.952000000000002
8.952000000000002
8.952000000000002
8.952000000000002
8.952000000000002
8.952000000000002
8.952000000000002
8.97
8.97
8.97
8.97
8.97
8.97
8.97
8.97
8.97
8.97
8.97
8.97
8.97
8.97
8.97
8.97
8.97
8.97
8.97
8.97
8.97
8.97
9.007
9.007
9.007
9.007
9.007
9.025
9.025
9.025
9.025
9.025
9.025
9.025
9.025
9.025
9.025
9.025
9.025
9.025
9.043000000000001
9.043000000000001
9.043000000000001
9.099
9.099
9.099
9.099
9.099
9.099
9.099
9.099
9.099
9.099
9.099
9.099
9.099
9.099
9.099
9.099
9.099
9.099
9.099
9.099
9.099
9.099
9.099
9.099
9.099
9.099
9.099
9.099
9.099
9.118
9.118
9.118
9.118
9.118
9.118
9.118
9.118
9.118
9.118
9.118
9.118
9.118
9.118
9.118
9.118
9.118
9.118
9.118
9.118
9.118
9.118
9.118
9.118
9.118
9.118
9.118
9.118
9.118
9.118
9.118
9.118
9.118
9.118
9.118
9.118
9.118
9.118
9.118
9.118
9.118
9.118
9.118
9.118
9.118
9.118
9.118
9.118
9.118
9.155000000000001
9.155000000000001
9.155000000000001
9.155000000000001
9.155000000000001
9.155000000000001
9.155000000000001
9.155000000000001
9.155000000000001
9.155000000000001
9.155000000000001
9.155000000000001
9.155000000000001
9.155000000000001
9.155000000000001
9.155000000000001
9.155000000000001
9.155000000000001
9.155000000000001
9.155000000000001
9.155000000000001
9.155000000000001
9.155000000000001
9.155000000000001
9.155000000000001
9.155000000000001
9.155000000000001
9.155000000000001
9.155000000000001
9.155000000000001
9.155000000000001
9.155000000000001
9.155000000000001
9.155000000000001
9.155000000000001
9.155000000000001
9.155000000000001
9.155000000000001
9.155000000000001
9.155000000000001
9.155000000000001
9.155000000000001
9.155000000000001
9.155000000000001
9.155000000000001
9.155000000000001
9.155000000000001
9.155000000000001
9.155000000000001
9.155000000000001
9.155000000000001
9.155000000000001
9.155000000000001
9.155000000000001
9.155000000000001
9.155000000000001
9.155000000000001
9.155000000000001
9.155000000000001
9.155000000000001
9.155000000000001
9.155000000000001
9.155000000000001
9.155000000000001
9.155000000000001
9.155000000000001
9.155000000000001
9.155000000000001
9.155000000000001
9.155000000000001
9.155000000000001
9.155000000000001
9.155000000000001
9.155000000000001
9.155000000000001
9.155000000000001
9.155000000000001
9.155000000000001
9.155000000000001
9.155000000000001
9.155000000000001
9.155000000000001
9.155000000000001
9.155000000000001
9.155000000000001
9.155000000000001
9.155000000000001
9.155000000000001
9.155000000000001
9.155000000000001
9.155000000000001
9.155000000000001
9.155000000000001
9.155000000000001
9.155000000000001
9.191999999999998
9.191999999999998
9.191999999999998
9.191999999999998
9.191999999999998
9.191999999999998
9.191999999999998
9.191999999999998
9.191999999999998
9.191999999999998
9.191999999999998
9.191999999999998
9.191999999999998
9.191999999999998
9.191999999999998
9.191999999999998
9.191999999999998
9.191999999999998
9.191999999999998
9.191999999999998
9.191999999999998
9.191999999999998
9.191999999999998
9.191999999999998
9.191999999999998
9.191999999999998
9.191999999999998
9.191999999999998
9.191999999999998
9.191999999999998
9.191999999999998
9.191999999999998
9.191999999999998
9.191999999999998
9.191999999999998
9.191999999999998
9.191999999999998
9.191999999999998
9.191999999999998
9.191999999999998
9.191999999999998
9.191999999999998
9.191999999999998
9.191999999999998
9.191999999999998
9.191999999999998
9.191999999999998
9.191999999999998
9.191999999999998
9.191999999999998
9.191999999999998
9.191999999999998
9.191999999999998
9.191999999999998
9.191999999999998
9.191999999999998
9.191999999999998
9.191999999999998
9.191999999999998
9.191999999999998
9.191999999999998
9.191999999999998
9.191999999999998
9.191999999999998
9.191999999999998
9.191999999999998
9.191999999999998
9.191999999999998
9.191999999999998
9.191999999999998
9.191999999999998
9.209999999999999
9.209999999999999
9.209999999999999
9.209999999999999
9.209999999999999
9.209999999999999
9.209999999999999
9.209999999999999
9.209999999999999
9.209999999999999
9.209999999999999
9.209999999999999
9.209999999999999
9.209999999999999
9.209999999999999
9.209999999999999
9.209999999999999
9.209999999999999
9.209999999999999
9.209999999999999
9.209999999999999
9.209999999999999
9.209999999999999
9.209999999999999
9.209999999999999
9.209999999999999
9.209999999999999
9.209999999999999
9.209999999999999
9.209999999999999
9.209999999999999
9.209999999999999
9.209999999999999
9.209999999999999
9.209999999999999
9.209999999999999
9.209999999999999
9.209999999999999
9.209999999999999
9.209999999999999
9.209999999999999
9.209999999999999
9.209999999999999
9.209999999999999
9.209999999999999
9.209999999999999
9.209999999999999
9.209999999999999
9.209999999999999
9.209999999999999
9.209999999999999
9.209999999999999
9.209999999999999
9.209999999999999
9.209999999999999
9.209999999999999
9.209999999999999
9.209999999999999
9.209999999999999
9.209999999999999
9.209999999999999
9.209999999999999
9.209999999999999
9.209999999999999
9.209999999999999
9.209999999999999
9.209999999999999
9.209999999999999
9.209999999999999
9.209999999999999
9.209999999999999
9.209999999999999
9.209999999999999
9.209999999999999
9.209999999999999
9.209999999999999
9.209999999999999
9.209999999999999
9.209999999999999
9.209999999999999
9.209999999999999
9.209999999999999
9.209999999999999
9.209999999999999
9.284
9.284
9.284
9.284
9.284
9.284
9.284
9.284
9.284
9.284
9.284
9.284
9.284
9.284
9.284
9.284
9.284
9.284
9.284
9.284
9.284
9.284
9.284
9.284
9.284
9.284
9.284
9.284
9.284
9.284
9.284
9.284
9.284
9.284
9.284
9.284
9.284
9.284
9.284
9.284
9.284
9.284
9.284
9.284
9.284
9.284
9.284
9.284
9.284
9.284
9.284
9.284
9.284
9.284
9.284
9.284
9.284
9.284
9.284
9.284
9.284
9.284
9.284
9.284
9.284
9.284
9.284
9.284
9.284
9.284
9.284
9.284
9.284
9.284
9.284
9.284
9.284
9.284
9.284
9.284
9.284
9.284
9.284
9.284
9.284
9.284
9.284
9.284
9.284
9.284
9.284
9.284
9.284
9.284
9.284
9.284
9.284
9.284
9.284
9.284
9.303
9.303
9.303
9.303
9.303
9.303
9.303
9.303
9.303
9.303
9.303
9.303
9.303
9.303
9.303
9.303
9.303
9.303
9.303
9.303
9.303
9.303
9.303
9.303
9.303
9.303
9.303
9.303
9.303
9.303
9.303
9.303
9.303
9.303
9.303
9.303
9.303
9.303
9.303
9.303
9.303
9.303
9.303
9.303
9.303
9.303
9.303
9.303
9.303
9.303
9.303
9.303
9.303
9.303
9.303
9.303
9.303
9.303
9.303
9.303
9.303
9.303
9.303
9.303
9.303
9.303
9.303
9.303
9.303
9.303
9.303
9.303
9.303
9.303
9.303
9.303
9.303
9.303
9.303
9.303
9.303
9.303
9.303
9.303
9.303
9.303
9.303
9.303
9.303
9.303
9.303
9.303
9.303
9.303
9.303
9.303
9.303
9.303
9.303
9.303
9.303
9.303
9.303
9.303
9.303
9.303
9.303
9.303
9.303
9.303
9.303
9.303
9.303
9.303
9.303
9.303
9.303
9.303
9.303
9.303
9.303
9.303
9.303
9.303
9.303
9.303
9.303
9.303
9.303
9.303
9.303
9.303
9.303
9.303
9.303
9.303
9.303
9.303
9.303
9.303
9.303
9.303
9.303
9.303
9.303
9.303
9.303
9.303
9.303
9.303
9.303
9.303
9.303
9.303
9.303
9.303
9.303
9.303
9.303
9.303
9.303
9.303
9.303
9.303
9.303
9.303
9.303
9.303
9.303
9.303
9.303
9.303
9.303
9.303
9.303
9.303
9.303
9.303
9.303
9.303
9.303
9.303
9.303
9.303
9.303
9.303
9.303
9.303
9.303
9.303
9.303
9.303
9.303
9.303
9.303
9.303
9.303
9.303
9.303
9.303
9.303
9.303
9.303
9.303
9.303
9.303
9.303
9.303
9.303
9.303
9.303
9.303
9.303
9.303
9.303
9.303
9.303
9.303
9.303
9.303
9.303
9.303
9.303
9.303
9.303
9.303
9.303
9.303
9.303
9.303
9.303
9.303
9.303
9.303
9.303
9.303
9.303
9.303
9.303
9.303
9.303
9.322
9.322
9.322
9.322
9.322
9.322
9.322
9.322
9.322
9.322
9.322
9.358999999999998
9.358999999999998
9.358999999999998
9.358999999999998
9.358999999999998
9.358999999999998
9.358999999999998
9.358999999999998
9.358999999999998
9.358999999999998
9.358999999999998
9.358999999999998
9.358999999999998
9.358999999999998
9.358999999999998
9.358999999999998
9.358999999999998
9.358999999999998
9.358999999999998
9.358999999999998
9.358999999999998
9.358999999999998
9.358999999999998
9.358999999999998
9.358999999999998
9.358999999999998
9.358999999999998
9.358999999999998
9.358999999999998
9.358999999999998
9.376999999999999
9.376999999999999
9.376999999999999
9.376999999999999
9.376999999999999
9.376999999999999
9.376999999999999
9.376999999999999
9.376999999999999
9.376999999999999
9.376999999999999
9.376999999999999
9.376999999999999
9.376999999999999
9.376999999999999
9.376999999999999
9.376999999999999
9.376999999999999
9.376999999999999
9.376999999999999
9.376999999999999
9.376999999999999
9.376999999999999
9.376999999999999
9.376999999999999
9.376999999999999
9.376999999999999
9.376999999999999
9.376999999999999
9.376999999999999
9.376999999999999
9.376999999999999
9.376999999999999
9.376999999999999
9.376999999999999
9.376999999999999
9.376999999999999
9.376999999999999
9.376999999999999
9.376999999999999
9.395999999999999
9.395999999999999
9.395999999999999
9.395999999999999
9.395999999999999
9.395999999999999
9.395999999999999
9.395999999999999
9.395999999999999
9.395999999999999
9.395999999999999
9.395999999999999
9.395999999999999
9.395999999999999
9.395999999999999
9.395999999999999
9.395999999999999
9.395999999999999
9.395999999999999
9.395999999999999
9.395999999999999
9.395999999999999
9.395999999999999
9.395999999999999
9.395999999999999
9.395999999999999
9.395999999999999
9.395999999999999
9.395999999999999
9.395999999999999
9.395999999999999
9.395999999999999
9.395999999999999
9.395999999999999
9.395999999999999
9.395999999999999
9.395999999999999
9.395999999999999
9.395999999999999
9.395999999999999
9.395999999999999
9.395999999999999
9.395999999999999
9.395999999999999
9.395999999999999
9.395999999999999
9.395999999999999
9.395999999999999
9.395999999999999
9.395999999999999
9.395999999999999
9.395999999999999
9.395999999999999
9.395999999999999
9.395999999999999
9.395999999999999
9.395999999999999
9.395999999999999
9.395999999999999
9.395999999999999
9.395999999999999
9.395999999999999
9.395999999999999
9.395999999999999
9.395999999999999
9.395999999999999
9.395999999999999
9.395999999999999
9.395999999999999
9.395999999999999
9.395999999999999
9.395999999999999
9.395999999999999
9.395999999999999
9.395999999999999
9.395999999999999
9.395999999999999
9.395999999999999
9.395999999999999
9.395999999999999
9.395999999999999
9.395999999999999
9.395999999999999
9.395999999999999
9.395999999999999
9.395999999999999
9.395999999999999
9.395999999999999
9.395999999999999
9.395999999999999
9.395999999999999
9.395999999999999
9.395999999999999
9.395999999999999
9.395999999999999
9.395999999999999
9.395999999999999
9.395999999999999
9.395999999999999
9.395999999999999
9.395999999999999
9.395999999999999
9.395999999999999
9.395999999999999
9.450999999999999
9.450999999999999
9.450999999999999
9.450999999999999
9.450999999999999
9.450999999999999
9.450999999999999
