7.794
7.867
7.886
7.904000000000001
7.941
7.978
8.033000000000001
8.162
8.199000000000002
8.346999999999998
8.402
8.457
8.569
8.569
8.66
8.715
8.751000000000001
8.77
8.788
9.083
9.266
9.338
9.504
9.597
9.614999999999998
9.669999999999998
9.724
9.815999999999999
9.834
9.834
9.927
9.927
9.927
9.944999999999999
10.109999999999998
10.129
10.147
10.182999999999998
10.238
10.292999999999997
10.404
10.422999999999998
10.479
10.498000000000001
10.498000000000001
10.535
10.535
10.535
10.535
10.626000000000001
10.719000000000001
10.737000000000002
10.828999999999999
10.847999999999999
10.958000000000002
10.977
11.05
11.178
11.214
11.287
11.305000000000001
11.341000000000001
11.524000000000001
11.524000000000001
11.58
11.58
11.635000000000002
11.746
11.764
11.837
11.855
11.855
11.892
11.911
11.929
11.966
12.149000000000001
12.149000000000001
12.149000000000001
12.242
12.279000000000002
12.298000000000002
12.335000000000003
12.335000000000003
12.372000000000003
12.372000000000003
12.372000000000003
12.372000000000003
12.427000000000001
12.574000000000002
12.574000000000002
12.592000000000002
12.666000000000002
12.72
12.775000000000002
12.830000000000004
12.830000000000004
12.849000000000004
12.904000000000002
12.959
12.978
12.978
13.070000000000002
13.107000000000003
13.125000000000004
13.180000000000001
13.272
13.383000000000001
13.420000000000002
13.438000000000002
13.475
13.475
13.475
13.494
13.494
13.512
13.641
13.641
13.677000000000001
13.75
13.823000000000002
13.896
13.896
13.931999999999999
13.95
13.95
13.969
14.098000000000003
14.135000000000002
14.135000000000002
14.153
14.153
14.172
14.264000000000001
14.338
14.375
14.413
14.505
14.505
14.505
14.505
14.560000000000002
14.560000000000002
14.651999999999997
14.651999999999997
14.687999999999999
14.687999999999999
14.817000000000002
14.872000000000003
14.890000000000004
14.927000000000001
14.946000000000002
14.963999999999999
15.056000000000001
15.075
15.094
15.129999999999999
15.184999999999999
15.239
15.258000000000001
15.369
15.424000000000001
15.442000000000002
15.442000000000002
15.442000000000002
15.497000000000003
15.515000000000004
15.515000000000004
15.534000000000002
15.534000000000002
15.534000000000002
15.570000000000004
15.607
15.626000000000005
15.626000000000005
15.699000000000002
15.699000000000002
15.735
15.735
15.807999999999998
15.919
15.956
15.974
16.048
16.067
16.085
16.121
16.121
16.194
16.287
16.287
16.361
16.397
16.489
16.489
16.508000000000003
16.508000000000003
16.526
16.545
16.563000000000002
16.563000000000002
16.636000000000003
16.636000000000003
16.727
16.764000000000003
16.894
16.948999999999998
16.948999999999998
17.041
17.041
17.059
17.059
17.059
17.059
17.131999999999998
17.168999999999997
17.205999999999996
17.205999999999996
17.224999999999998
17.261999999999997
17.261999999999997
17.519
17.573
17.573
17.628
17.628
17.665
17.702
17.739
17.830000000000002
17.849
17.884999999999998
17.884999999999998
17.884999999999998
17.884999999999998
17.903
18.014
18.104999999999997
18.124
18.234
18.234
18.288999999999998
18.419
18.419
18.529000000000003
18.548000000000002
18.658
18.731
18.75
18.75
18.75
18.769
18.769
18.769
18.769
18.769
18.787
18.840999999999998
18.895999999999997
19.061
19.116
19.116
19.172
19.209
19.246
19.338
19.392000000000003
19.448
19.466
19.466
19.576
19.594
19.65
19.798000000000002
19.816000000000003
19.816000000000003
19.834000000000003
19.834000000000003
19.853
19.889000000000003
19.907
19.926
20.055
20.073
20.073
20.092000000000002
20.148000000000003
20.186
20.204
20.24
20.294
20.313000000000002
20.313000000000002
20.386000000000003
20.386000000000003
20.588
20.644
20.663
20.717999999999996
20.846
20.882
20.882
20.919000000000004
20.938000000000002
20.975
21.012
21.012
21.14
21.14
21.159
21.177
21.251
21.269000000000002
21.361
21.398
21.398
21.544999999999998
21.581
21.617
21.691
21.764000000000003
21.82
21.949
21.968
22.005000000000003
22.005000000000003
22.076999999999998
22.169
22.207
22.225
22.225
22.279999999999998
22.298
22.370999999999995
22.388999999999996
22.406999999999996
22.462999999999997
22.462999999999997
22.480999999999998
22.480999999999998
22.590999999999998
22.645999999999997
22.720999999999997
22.74
22.813
22.941
22.996000000000002
23.033
23.051000000000002
23.126
23.126
23.199
23.236
23.308
23.345
23.456000000000007
23.456000000000007
23.548000000000002
23.622000000000003
23.657999999999998
23.676
23.732
23.843
23.878999999999998
23.898
23.935
23.953
23.991
24.008999999999993
24.211
24.247
24.302999999999997
24.320999999999998
24.357999999999997
24.357999999999997
24.467999999999996
24.523
24.559
24.631999999999998
24.631999999999998
24.687
24.687
24.705000000000002
24.705000000000002
24.724
24.817
24.817
24.91
25.020999999999997
25.020999999999997
25.076
25.076
25.130000000000003
25.204
25.222
25.240000000000002
25.35
25.46
25.46
25.514999999999997
25.588
25.607
25.607
25.607
25.607
25.607
25.660999999999994
25.715999999999998
25.734999999999996
25.752999999999997
25.957
25.975
25.994
26.012
26.049
26.105
26.214000000000006
26.251000000000005
26.306000000000004
26.344000000000005
26.41700000000001
26.41700000000001
26.545000000000005
26.545000000000005
26.619000000000007
26.748
26.803000000000004
26.913000000000004
26.950000000000006
26.987000000000005
27.078000000000003
27.078000000000003
27.224
27.261000000000003
27.279000000000003
27.279000000000003
27.334000000000003
27.334000000000003
27.351999999999997
27.371
27.427
27.464999999999996
27.483999999999998
27.483999999999998
27.575
27.610999999999997
27.629999999999995
27.740999999999996
27.740999999999996
27.740999999999996
27.759999999999998
27.778
27.814999999999998
27.871
27.925
27.98
28.070999999999998
28.089
28.107
28.199
28.254
28.291999999999994
28.327999999999996
28.345999999999997
28.438
28.457
28.549
28.567
28.602999999999998
28.657999999999998
28.695
28.732
28.75
28.75
28.842000000000002
28.842000000000002
28.880000000000003
28.971999999999998
28.971999999999998
29.099999999999994
29.117999999999995
29.137
29.155
29.229000000000003
29.247000000000003
29.339
29.485000000000003
29.54
29.576999999999998
29.595999999999997
29.595999999999997
29.613999999999997
29.631999999999998
29.668
29.778999999999996
29.796999999999997
29.796999999999997
29.796999999999997
29.871
29.963
30.0
30.018
30.036
30.127
30.145999999999997
30.145999999999997
30.237000000000002
30.256
30.274
30.293
30.328999999999997
30.328999999999997
30.383999999999997
30.403
30.532999999999998
30.643
30.698
30.698
30.772000000000002
30.901000000000003
30.920000000000005
30.957000000000004
31.03000000000001
31.03000000000001
31.048000000000002
31.048000000000002
31.085
31.103
31.213
31.231000000000005
31.268000000000008
31.268000000000008
31.286
31.341
31.360000000000003
31.47
31.506
31.544
31.544
31.6
31.618000000000002
31.618000000000002
31.618000000000002
31.783000000000005
31.894
31.948
31.966
32.003
32.021
32.05800000000001
32.095000000000006
32.13100000000001
32.24300000000001
32.317
32.317
32.409
32.445
32.481
32.5
32.537
32.537
32.61
32.647000000000006
32.647000000000006
32.666000000000004
32.739
32.77499999999999
32.849
32.903
32.940999999999995
32.977
32.977
33.050000000000004
33.106
33.12400000000001
33.235
33.291000000000004
33.328
33.42
33.511
33.511
33.548
33.567
33.604
33.641000000000005
33.67700000000001
33.67700000000001
33.695
33.732
33.787
33.824
33.898
33.971
33.989999999999995
34.007999999999996
34.081
34.118
34.137
34.193
34.211
34.284000000000006
34.321
34.321
34.376
34.376
34.431
34.505
34.541000000000004
34.577000000000005
34.577000000000005
34.613
34.613
34.632000000000005
34.65
34.65
34.742000000000004
34.78
34.835
34.854000000000006
34.89
34.964
34.964
34.982
34.982
35.166999999999994
35.25699999999999
35.294
35.330999999999996
35.35
35.38599999999999
35.535000000000004
35.589999999999996
35.589999999999996
35.626
35.626
35.644000000000005
35.644000000000005
35.662
35.662
35.717
35.79
35.882
35.882
35.974
36.028999999999996
36.120999999999995
36.120999999999995
36.120999999999995
36.157
36.193999999999996
36.248999999999995
36.266999999999996
36.30499999999999
36.30499999999999
36.36
36.378
36.378
36.415
36.488
36.506
36.525
36.579
36.690000000000005
36.763999999999996
36.763999999999996
36.763999999999996
36.82000000000001
36.85600000000001
36.948
36.984
36.984
37.059000000000005
37.132000000000005
37.132000000000005
37.169
37.205
37.241
37.29699999999999
37.352
37.36999999999999
37.36999999999999
37.407
37.407
37.517999999999994
37.537
37.611
37.666999999999994
37.702999999999996
37.73899999999999
37.73899999999999
37.75699999999999
37.77499999999999
37.812
37.830999999999996
37.94199999999999
37.961
37.997
37.997
37.997
38.089
38.181
38.199
38.199
38.218
38.236000000000004
38.273
38.382
38.419
38.437
38.456
38.474000000000004
38.493
38.512
38.567
38.641000000000005
38.641000000000005
38.678000000000004
38.734
38.824000000000005
38.824000000000005
38.898
38.898
38.934000000000005
38.989000000000004
38.989000000000004
39.02700000000001
39.11800000000001
39.11800000000001
39.136
39.191
39.227000000000004
39.264
39.301
39.338
39.338
39.392999999999994
39.412
39.412
39.486
39.522999999999996
39.541000000000004
39.559
39.596
39.632
39.632
39.669
39.724000000000004
39.742
39.761
39.797999999999995
39.81699999999999
39.872
39.946000000000005
39.982000000000006
40.038
40.038
40.092
40.092
40.11
40.11
40.11
40.147000000000006
40.221000000000004
40.239
40.277
40.277
40.333000000000006
40.351
40.44199999999999
40.479
40.516
40.516
40.534000000000006
40.553
40.60799999999999
40.626
40.681999999999995
40.717999999999996
40.827
40.864
40.882999999999996
40.93899999999999
40.93899999999999
40.93899999999999
40.956999999999994
40.956999999999994
41.01199999999999
41.068
41.123
41.16
41.16
41.196
41.214999999999996
41.233
41.233
41.306
41.379
41.416
41.434
41.525999999999996
41.599000000000004
41.654
41.673
41.709
41.709
41.728
41.746
41.83800000000001
41.856
41.892
41.910000000000004
41.910000000000004
41.947
41.985
42.003
42.003
42.022000000000006
42.168
42.187
42.206
42.260000000000005
42.260000000000005
42.260000000000005
42.315
42.351000000000006
42.388000000000005
42.407
42.463
42.50000000000001
42.538000000000004
42.538000000000004
42.538000000000004
42.574000000000005
42.61
42.647
42.647
42.66499999999999
42.794
42.794
42.830999999999996
42.830999999999996
42.849
42.885
42.94099999999999
43.032
43.08799999999999
43.08799999999999
43.105999999999995
43.105999999999995
43.125
43.142999999999994
43.199
43.217
43.217
43.273
43.273
43.30899999999999
43.34499999999999
43.364
43.400999999999996
43.437
43.437
43.492
43.510000000000005
43.565999999999995
43.58399999999999
43.675999999999995
43.693999999999996
43.712999999999994
43.730999999999995
43.75
43.768
43.82299999999999
43.82299999999999
43.86
43.878
43.915
43.952999999999996
43.971
44.044
44.044
44.062
44.062
44.117999999999995
44.19199999999999
44.265
44.283
44.32
44.338
44.357
44.357
44.357
44.375
44.375
44.394
44.394
44.449
44.485
44.485
44.54
44.595
44.595
44.595
44.614
44.65
44.65
44.705
44.723
44.797000000000004
44.852000000000004
44.870999999999995
44.870999999999995
44.870999999999995
44.89
44.909
44.909
44.945
44.963
44.963
44.963
45.054
45.09100000000001
45.129000000000005
45.129000000000005
45.129000000000005
45.147000000000006
45.147000000000006
45.147000000000006
45.165000000000006
45.202
45.239999999999995
45.257999999999996
45.295
45.33200000000001
45.33200000000001
45.35000000000001
45.35000000000001
45.35000000000001
45.35000000000001
45.36800000000001
45.36800000000001
45.42300000000001
45.496
45.514
45.532
45.569
45.643
45.643
45.66100000000001
45.679
45.679
45.69800000000001
45.73500000000001
45.73500000000001
45.75300000000001
45.75300000000001
45.771
45.771
45.771
45.808
45.808
45.843999999999994
45.843999999999994
45.843999999999994
45.88099999999999
45.916999999999994
45.93599999999999
46.010999999999996
46.010999999999996
46.03
46.03
46.03
46.047999999999995
46.047999999999995
46.06699999999999
46.104
46.122
46.141000000000005
46.141000000000005
46.141000000000005
46.141000000000005
46.141000000000005
46.141000000000005
46.196
46.232
46.25
46.268
46.268
46.268
46.268
46.268
46.268
46.287
46.305
46.305
46.305
46.305
46.342
46.361000000000004
46.361000000000004
