8.46
8.46
8.46
8.46
8.46
8.64
8.64
8.64
9.01
9.01
9.01
9.01
9.19
9.19
10.11
10.11
10.11
10.11
10.11
10.11
10.11
10.11
10.11
10.11
10.11
10.11
10.66
10.66
10.66
10.66
10.66
10.66
10.66
10.66
10.66
10.85
10.85
10.85
10.85
10.85
10.85
11.4
11.4
11.4
11.4
11.4
11.4
11.4
11.4
11.4
11.4
11.4
11.4
11.4
11.58
11.58
11.58
12.5
12.5
12.5
12.5
12.5
12.5
12.5
12.5
12.5
12.5
12.5
12.5
12.5
12.5
13.05
13.05
13.05
13.6
13.6
13.6
13.6
13.6
13.6
13.6
13.6
13.6
13.6
13.6
13.6
13.6
13.6
13.6
13.6
13.6
13.6
13.6
13.6
13.6
13.6
13.6
13.6
13.6
13.6
13.6
13.97
13.97
13.97
13.97
13.97
14.15
14.15
14.15
14.15
14.15
14.52
14.52
14.52
14.52
14.52
14.52
14.52
14.52
14.52
14.52
14.52
14.52
14.52
14.52
14.52
14.52
14.52
14.52
14.52
14.52
14.52
15.26
15.26
15.26
15.26
15.26
15.26
15.26
15.26
15.26
15.26
15.26
15.26
15.26
15.26
15.26
15.26
15.26
15.26
15.26
15.26
15.44
15.44
15.44
15.44
15.44
15.44
15.44
15.44
15.99
15.99
15.99
15.99
15.99
15.99
15.99
15.99
15.99
16.18
16.18
16.18
16.18
16.18
16.18
16.18
16.18
16.18
16.18
16.18
16.18
16.18
16.18
16.36
16.36
16.36
16.36
16.73
16.91
16.91
16.91
16.91
16.91
16.91
16.91
16.91
16.91
16.91
16.91
16.91
17.28
17.28
17.28
17.28
17.28
17.28
17.28
17.28
17.46
17.46
17.46
17.46
17.46
17.46
17.46
17.46
17.46
17.46
17.46
17.46
17.46
17.46
17.46
17.83
17.83
17.83
17.83
17.83
17.83
17.83
18.01
18.38
18.38
18.38
18.38
18.38
18.38
18.38
18.38
18.38
18.38
18.38
18.38
18.38
18.38
18.38
18.38
18.38
18.38
18.38
18.38
18.38
18.57
18.57
18.57
18.57
18.93
18.93
19.12
19.12
19.12
19.12
19.12
19.12
19.3
19.3
19.3
19.3
19.3
19.3
19.3
19.3
20.22
20.22
20.22
20.22
20.22
20.22
20.22
20.22
20.22
20.22
20.22
20.22
20.22
20.22
20.22
20.22
20.22
20.77
20.77
20.77
20.77
20.77
20.77
20.77
20.77
20.77
21.14
21.14
21.32
21.32
21.32
21.32
21.32
21.32
21.51
21.51
21.51
21.51
21.51
21.69
21.69
21.69
21.69
21.88
21.88
22.06
22.06
22.06
22.06
22.06
22.06
22.06
22.06
22.06
22.06
22.06
22.06
22.06
22.61
22.61
22.61
22.61
22.61
22.61
22.61
22.79
22.79
22.79
22.79
22.98
22.98
23.35
23.35
23.9
23.9
23.9
23.9
23.9
23.9
23.9
23.9
23.9
23.9
23.9
23.9
23.9
23.9
23.9
23.9
23.9
24.08
24.45
24.45
24.45
24.45
24.45
24.82
24.82
24.82
24.82
24.82
25.18
25.18
25.18
25.18
25.18
25.18
25.18
25.18
25.18
25.18
25.37
25.37
25.37
25.37
25.37
25.37
25.37
25.74
25.74
26.1
26.1
26.1
26.1
26.1
26.1
26.1
26.1
26.1
26.29
26.29
26.29
26.47
26.47
26.47
26.47
26.47
27.02
27.02
27.02
27.02
27.02
27.02
27.02
27.39
27.39
27.39
27.39
27.39
27.39
27.39
27.39
27.39
27.39
27.39
27.39
27.57
27.57
27.57
27.57
27.76
27.76
27.76
27.76
27.76
27.76
27.76
27.76
27.76
28.31
28.31
28.31
28.31
28.31
28.31
28.31
28.31
28.31
28.86
28.86
28.86
28.86
28.86
29.6
29.6
29.6
29.78
29.78
29.78
29.78
29.78
29.78
29.78
29.78
29.78
29.78
29.78
29.78
29.78
29.78
29.96
29.96
30.15
30.15
30.15
30.33
30.33
30.33
30.33
30.33
30.33
30.33
30.33
30.33
30.33
30.33
30.33
30.33
30.33
30.33
30.33
31.25
31.25
31.25
31.25
31.25
31.25
31.25
31.25
31.25
31.25
31.43
31.8
31.8
31.8
31.8
31.8
31.8
31.8
31.8
31.8
31.8
31.8
31.8
32.17
32.17
32.17
32.17
32.17
32.17
32.17
32.17
32.17
32.17
32.17
32.17
32.17
32.17
32.17
32.17
32.17
32.54
32.54
33.09
33.09
33.09
33.09
33.09
33.09
33.09
33.09
33.09
33.09
33.09
33.09
33.09
33.09
33.27
33.27
33.27
33.27
33.27
33.27
33.27
33.27
33.64
34.19
34.19
34.19
34.19
34.19
34.19
34.19
34.56
34.56
34.56
34.56
34.56
34.56
34.56
34.56
34.56
34.56
34.56
34.56
34.56
34.56
34.56
34.56
34.56
34.56
34.56
34.56
34.74
34.74
34.74
34.74
34.74
35.11
35.29
35.29
35.29
35.29
35.29
35.29
35.29
35.29
35.29
35.29
35.29
35.66
35.66
35.66
35.66
35.66
35.66
35.66
35.66
35.66
36.03
36.03
36.03
36.03
36.03
36.03
36.03
36.03
36.03
36.03
36.03
36.03
36.21
36.21
36.21
36.4
36.4
36.58
36.58
37.32
37.32
37.32
37.32
37.32
37.32
37.32
37.32
37.32
37.32
37.32
37.32
37.32
37.32
37.32
37.32
37.32
37.32
37.32
37.32
38.05
38.05
38.05
38.05
38.05
38.05
38.05
38.05
38.05
38.05
38.05
38.05
38.05
38.05
38.05
38.05
38.05
38.24
38.6
38.6
38.6
38.6
38.6
38.6
38.6
38.6
38.6
38.6
38.6
38.6
38.79
38.79
38.79
38.79
38.79
38.79
39.15
39.15
39.15
39.15
39.15
39.15
39.15
39.15
39.15
39.15
39.15
39.15
39.15
39.15
39.15
39.71
39.71
39.71
39.71
39.71
39.71
39.71
40.07
40.07
40.07
40.07
40.07
40.07
40.07
40.07
40.26
40.26
40.26
40.26
40.26
40.26
40.26
40.26
40.26
40.81
40.81
40.81
40.81
40.81
40.81
40.81
40.81
40.81
40.81
40.81
40.99
40.99
40.99
40.99
40.99
41.18
41.18
41.73
41.73
41.73
41.73
41.73
41.91
41.91
41.91
41.91
41.91
41.91
42.28
42.28
42.28
42.28
42.28
42.28
42.28
42.28
42.28
42.28
42.28
42.28
42.28
42.28
42.46
42.46
42.46
42.46
42.46
42.46
42.46
42.65
42.65
42.65
42.65
42.65
42.83
42.83
42.83
42.83
43.01
43.01
43.01
43.01
43.01
43.2
43.2
43.2
43.2
43.57
43.57
43.57
43.57
43.57
43.57
43.93
43.93
43.93
43.93
44.3
44.3
44.3
44.3
44.3
44.3
44.3
44.3
44.3
44.3
44.3
44.3
44.3
44.3
44.3
44.3
44.67
44.67
44.85
44.85
44.85
44.85
44.85
44.85
44.85
44.85
44.85
44.85
44.85
45.22
45.22
45.22
45.22
45.22
45.22
45.22
45.22
45.22
45.4
45.4
45.4
45.4
45.4
45.4
45.4
45.96
45.96
45.96
45.96
45.96
46.69
46.69
46.69
46.69
46.69
46.69
46.69
46.69
46.69
46.69
46.69
46.69
46.69
46.69
46.69
46.69
46.69
46.69
46.88
46.88
46.88
46.88
46.88
47.06
47.06
47.06
47.06
47.24
47.61
47.61
47.61
47.61
47.61
47.61
47.61
47.61
47.61
47.61
47.61
47.61
47.61
47.61
47.61
47.79
47.79
47.79
47.79
47.79
47.98
47.98
47.98
48.16
48.16
48.16
48.53
48.53
48.53
48.53
48.53
48.53
48.71
48.71
48.71
48.71
48.71
48.71
48.9
48.9
49.08
49.08
49.08
49.08
49.08
49.08
49.08
49.08
49.08
49.08
49.26
49.26
49.26
49.45
49.45
49.45
49.45
49.63
49.63
49.63
49.63
49.63
49.63
49.63
49.63
49.63
49.63
49.63
49.63
49.63
49.63
49.63
49.82
49.82
49.82
49.82
49.82
50.0
50.18
50.18
50.18
50.18
50.18
50.18
50.18
50.18
50.18
50.18
50.18
50.55
50.55
50.55
50.55
50.55
50.55
50.55
50.55
50.55
50.55
50.55
50.55
50.55
50.55
50.55
50.55
50.74
50.92
51.29
51.29
51.29
51.29
51.29
51.47
51.47
51.47
51.47
51.47
51.47
51.47
51.47
51.47
51.47
51.47
51.65
51.65
51.65
51.65
51.65
51.65
51.65
51.65
51.84
51.84
51.84
51.84
51.84
51.84
51.84
51.84
52.21
52.21
52.21
52.21
52.21
52.21
52.21
52.21
52.39
52.39
52.39
52.39
52.57
52.57
52.57
52.57
52.57
52.57
52.57
52.57
52.57
52.76
52.76
52.76
52.76
52.76
52.94
52.94
52.94
53.13
53.13
53.13
53.13
53.13
53.13
53.13
53.31
53.31
53.31
53.31
53.31
53.31
53.31
53.31
53.31
53.31
53.31
53.49
53.49
53.49
53.49
53.49
53.68
53.68
53.68
53.68
53.68
53.68
53.68
53.68
53.68
53.68
53.86
53.86
53.86
53.86
53.86
53.86
54.04
54.04
54.04
54.23
54.23
54.23
54.23
54.23
54.23
54.41
54.41
54.41
54.41
54.41
54.41
54.41
54.6
54.6
54.6
54.6
54.6
54.6
54.6
54.6
54.6
54.6
54.6
54.6
54.78
54.78
54.78
54.78
54.78
54.78
54.78
54.96
55.15
55.15
55.15
55.15
55.15
55.15
55.15
55.15
55.15
55.15
55.15
55.15
55.33
55.33
55.51
55.51
55.51
55.51
55.51
55.51
55.51
55.51
55.51
55.51
55.51
55.51
55.51
55.51
55.51
55.51
55.51
55.88
55.88
55.88
55.88
55.88
55.88
55.88
55.88
55.88
55.88
55.88
56.07
56.07
56.25
56.25
56.25
56.25
56.25
56.25
56.25
56.25
56.25
56.25
56.25
56.25
56.25
56.25
56.25
56.25
56.62
56.62
56.62
56.62
56.62
56.62
56.62
56.62
56.62
56.62
56.99
56.99
56.99
56.99
56.99
57.17
57.17
57.17
57.17
57.17
57.17
57.35
57.35
57.35
57.35
57.35
57.35
57.35
57.35
57.35
57.35
57.35
57.35
57.35
57.35
57.35
57.35
57.35
57.72
57.72
57.72
57.72
57.72
57.9
57.9
57.9
57.9
57.9
58.09
58.09
58.09
58.09
58.09
58.09
58.09
58.09
58.09
58.09
58.09
58.09
58.09
58.09
58.09
58.09
58.09
58.27
58.27
58.27
58.27
58.27
58.27
58.46
58.46
58.46
58.46
58.46
58.46
58.46
58.46
58.46
58.46
58.46
58.46
58.46
58.46
58.46
58.46
58.46
58.64
58.64
58.64
58.64
58.64
58.64
58.64
58.64
58.64
58.64
58.64
58.82
58.82
58.82
58.82
58.82
58.82
58.82
59.01
59.01
59.01
59.01
59.01
59.01
59.01
59.01
59.01
59.01
59.01
59.01
59.01
59.01
59.01
59.01
59.19
59.19
59.19
59.19
59.19
59.19
59.19
59.19
59.19
59.56
59.56
59.56
59.56
59.56
59.56
59.56
59.56
59.56
59.56
59.56
59.56
59.56
59.56
59.56
59.56
59.56
59.56
59.56
59.56
59.56
59.56
59.56
59.56
59.56
59.56
59.56
59.56
59.56
59.56
59.56
59.56
59.56
59.56
59.56
59.56
59.56
59.56
59.56
59.56
59.56
59.56
59.56
59.56
59.56
59.56
59.56
59.56
59.56
59.56
59.56
59.56
59.56
59.56
59.56
59.56
59.56
59.56
59.56
59.56
59.56
59.56
59.56
59.56
59.56
59.56
59.56
59.56
59.56
59.56
59.56
59.56
59.56
59.56
59.56
59.56
59.56
59.56
59.56
59.56
59.56
59.56
59.56
59.56
59.56
59.56
59.56
59.56
59.56
59.56
59.56
59.56
59.56
59.56
59.56
59.56
59.56
59.56
59.56
59.56
59.56
59.56
59.56
59.56
59.56
59.56
59.56
59.56
59.56
59.56
59.56
59.56
59.56
59.56
59.56
59.56
59.56
59.56
59.56
59.56
59.56
59.56
59.56
59.56
59.56
59.56
59.56
59.56
59.56
59.56
59.56
59.56
59.56
59.56
59.56
59.56
59.56
59.56
59.56
59.56
59.56
59.56
59.56
59.56
59.56
59.56
59.56
59.56
59.56
59.56
59.56
59.56
59.56
59.56
59.56
59.56
59.56
59.56
59.56
59.56
59.56
59.56
59.56
59.56
59.56
59.56
59.56
59.56
59.56
59.56
59.56
59.56
59.56
59.56
59.56
59.56
59.56
59.56
59.56
59.56
59.56
59.56
59.56
59.56
59.56
59.56
59.56
59.56
59.56
59.56
59.56
59.56
59.56
59.56
59.56
59.56
59.56
59.56
59.56
59.56
59.56
59.56
59.56
59.56
59.56
59.56
59.56
59.56
59.56
59.56
59.56
59.56
59.56
59.56
59.56
59.56
59.56
59.56
59.56
59.56
59.56
59.56
59.56
59.56
59.56
59.56
59.56
59.56
59.56
59.56
59.56
59.56
59.56
59.56
59.56
59.56
59.56
59.56
59.56
59.56
59.56
59.56
59.56
59.56
59.56
59.56
59.56
59.56
59.56
59.56
59.56
59.56
59.56
59.56
59.56
59.56
59.56
59.56
59.56
59.56
59.56
59.56
59.56
59.56
59.56
59.56
59.56
59.56
59.56
59.56
59.56
59.56
59.56
59.56
59.56
59.56
59.56
59.56
59.56
59.56
59.56
59.56
59.56
59.56
59.56
59.56
59.56
59.56
59.56
59.56
59.56
59.56
59.56
59.56
59.56
59.56
59.56
59.56
59.56
59.56
59.56
59.56
59.56
59.56
59.56
59.56
59.56
59.56
59.56
59.56
59.56
59.56
59.56
59.56
59.56
59.56
59.56
59.56
59.56
59.56
59.56
59.56
59.56
59.56
59.56
59.56
59.56
59.56
59.56
59.56
59.56
59.56
59.56
59.56
59.56
59.56
59.56
59.56
59.56
59.56
59.56
59.56
59.56
59.56
59.56
59.56
59.56
59.56
59.56
59.56
59.56
59.56
59.56
59.56
59.56
59.56
59.56
59.56
59.56
59.56
59.56
59.56
59.56
59.56
59.56
59.56
59.56
59.56
59.56
59.56
59.56
59.56
59.56
59.56
59.56
59.56
59.56
59.56
59.56
59.56
59.56
59.56
59.56
59.56
59.56
59.56
59.56
59.56
59.56
59.56
59.56
59.56
59.56
59.56
59.56
59.56
59.56
59.56
59.56
59.56
59.56
59.56
59.56
59.56
59.56
59.56
59.56
59.56
59.56
59.56
59.56
59.56
59.56
59.56
59.56
59.56
59.56
59.56
59.56
59.56
59.56
59.56
59.56
59.56
59.56
59.56
59.56
59.56
59.56
59.56
59.56
59.56
59.56
59.56
59.56
59.56
59.56
59.56
59.56
59.56
59.56
59.56
59.56
59.56
59.56
59.56
59.56
59.56
59.56
59.56
59.56
59.56
59.56
59.56
59.56
59.56
59.56
59.56
59.56
59.56
59.56
59.56
59.56
59.56
59.56
59.56
59.56
59.56
59.56
59.56
59.56
59.56
59.56
59.56
59.56
59.56
59.56
59.56
59.56
59.56
59.56
59.56
59.56
59.56
59.56
59.56
59.56
59.56
59.56
59.56
59.56
59.56
59.56
59.56
59.56
59.56
59.56
59.56
59.56
59.56
59.56
59.56
59.56
59.56
59.56
59.56
59.56
59.56
59.56
59.56
59.56
59.56
59.56
59.56
59.56
59.56
59.56
59.56
59.56
59.56
59.56
59.56
59.56
59.56
59.56
59.56
59.56
59.56
59.56
59.56
59.56
59.56
59.56
59.56
59.56
59.56
59.56
59.56
59.56
59.56
59.56
59.56
59.56
59.56
59.56
59.56
59.56
59.56
59.56
59.56
59.56
59.56
59.56
59.56
59.56
59.56
59.56
59.56
59.56
59.56
59.56
59.56
59.56
59.56
59.56
59.56
59.56
59.56
59.56
59.56
59.56
59.56
59.56
59.56
59.56
59.56
59.56
59.56
59.56
59.56
59.56
59.56
59.56
59.56
59.56
59.56
59.56
59.56
59.56
59.56
59.56
59.56
59.56
59.56
59.56
59.56
59.56
59.56
59.56
59.56
59.56
59.56
59.56
59.56
59.56
59.56
59.56
59.56
59.56
59.56
59.56
59.56
59.56
59.56
59.56
59.56
59.56
59.56
59.56
59.56
59.56
59.56
59.56
59.56
59.56
59.56
59.56
59.56
59.56
59.56
59.56
59.56
59.56
59.56
59.56
59.56
59.56
59.56
59.56
59.56
59.56
59.56
59.56
59.56
59.56
59.56
59.56
59.56
59.56
59.56
59.56
59.56
59.56
59.56
59.56
59.56
59.56
59.56
59.56
59.56
59.56
59.56
59.56
59.56
59.56
59.56
59.56
59.56
59.56
59.56
59.56
59.56
59.56
59.56
59.56
59.56
59.56
59.56
59.56
59.56
59.56
59.56
59.56
59.56
59.56
