8.46
8.46
8.46
8.46
8.46
9.01
9.01
9.01
9.01
9.01
9.01
9.01
9.01
9.01
9.01
9.38
9.38
9.38
9.38
9.38
9.38
9.38
9.38
9.38
9.74
9.74
9.74
9.74
10.11
10.29
10.29
10.29
10.29
10.29
10.29
10.29
10.29
10.48
10.48
10.66
10.66
10.85
10.85
10.85
10.85
10.85
10.85
11.03
11.03
11.03
11.03
11.03
11.03
11.21
11.95
11.95
11.95
11.95
12.13
12.13
12.13
12.13
12.13
12.13
12.13
12.32
12.32
12.32
12.32
12.32
12.32
12.32
12.32
12.32
12.32
12.32
12.32
12.32
12.32
12.32
12.32
12.32
12.32
12.87
12.87
12.87
12.87
12.87
12.87
12.87
12.87
12.87
12.87
12.87
12.87
12.87
12.87
13.42
13.42
13.42
13.42
13.42
13.42
13.42
13.42
13.42
13.42
13.42
13.42
13.42
13.42
13.6
13.6
13.6
13.6
13.6
13.6
13.6
13.6
13.6
13.97
13.97
13.97
13.97
13.97
13.97
14.15
14.15
14.15
14.15
14.15
14.15
14.15
14.15
14.15
14.15
14.15
14.15
14.34
14.34
14.52
14.52
14.52
14.52
14.52
14.52
14.52
14.52
14.52
14.52
15.07
15.07
15.07
15.07
15.07
15.07
15.07
15.07
15.07
15.07
15.07
15.07
15.26
15.26
15.26
15.26
15.26
15.26
15.26
15.26
15.26
15.26
15.26
15.26
15.26
15.26
15.26
15.26
15.26
15.26
15.26
15.26
15.26
15.26
15.26
15.63
15.63
15.99
15.99
15.99
15.99
15.99
15.99
15.99
15.99
16.36
16.36
16.36
16.36
16.36
16.36
16.36
16.36
16.36
16.36
16.36
16.36
16.36
16.36
16.36
16.36
16.36
16.36
16.36
16.36
16.36
16.36
16.36
16.54
16.54
16.54
16.54
16.54
16.54
16.54
16.54
16.54
16.54
17.46
17.46
17.46
17.46
17.46
17.46
17.46
17.46
17.46
17.46
17.46
17.46
17.46
17.46
17.46
17.46
17.65
17.65
17.65
17.65
17.65
17.65
17.83
17.83
17.83
17.83
17.83
17.83
17.83
17.83
17.83
17.83
17.83
18.2
18.38
18.38
18.38
18.38
18.38
18.38
18.38
18.38
18.38
18.38
18.38
18.38
18.38
18.38
18.57
18.57
19.12
19.12
19.12
19.12
19.12
19.12
19.12
19.12
19.12
19.12
19.12
19.12
19.12
19.12
19.12
19.12
19.12
19.12
19.12
19.3
19.49
19.49
19.49
19.49
19.49
19.49
19.49
19.49
19.49
19.49
19.49
19.67
19.67
19.67
19.67
19.85
19.85
19.85
20.04
20.04
20.04
20.04
20.04
20.4
20.4
20.4
20.4
20.4
20.59
20.59
20.96
20.96
20.96
20.96
20.96
20.96
20.96
20.96
21.14
21.14
21.14
21.32
21.32
21.32
21.32
21.32
21.32
21.32
21.32
21.32
21.32
21.32
21.32
21.32
21.32
21.32
21.51
21.51
21.51
22.06
22.06
22.06
22.06
22.06
22.06
22.06
22.61
22.61
22.61
22.61
22.61
22.61
22.61
22.61
22.61
22.61
22.61
22.61
22.61
22.61
22.61
22.61
22.61
22.61
22.61
23.35
23.35
23.35
23.35
23.35
23.35
23.35
23.35
23.35
23.35
23.35
23.35
23.53
23.53
23.53
23.53
23.53
23.53
23.71
23.71
23.71
23.71
23.71
23.71
23.71
23.71
23.71
23.71
24.08
24.08
24.08
24.08
24.08
24.08
24.08
24.08
24.26
24.26
24.26
24.45
24.45
24.45
24.63
24.63
24.63
24.63
24.63
24.63
24.63
24.82
24.82
24.82
24.82
25.0
25.18
25.18
25.18
25.18
25.18
25.18
25.18
25.18
25.18
25.18
25.37
25.37
25.37
25.37
25.37
25.37
25.37
25.37
25.37
25.37
25.37
25.74
25.74
25.74
25.74
25.74
25.74
25.74
25.74
25.74
25.74
25.74
25.74
26.29
26.29
26.29
26.29
26.29
26.29
26.29
26.29
26.47
26.47
26.47
26.47
26.47
26.47
26.47
26.47
26.65
26.65
26.65
27.21
27.21
27.21
27.21
27.39
27.39
27.39
27.39
27.39
27.39
27.39
27.39
27.39
27.39
27.39
27.39
27.39
27.39
27.39
27.39
27.39
27.39
27.57
27.57
27.57
27.57
27.57
27.57
27.57
27.57
27.57
27.57
27.57
27.57
27.57
27.57
27.57
27.57
27.76
27.76
27.76
28.49
28.49
28.49
28.49
28.49
28.49
28.49
28.49
28.49
28.49
29.04
29.04
29.04
29.04
29.04
29.04
29.04
29.04
29.04
29.04
29.04
29.04
29.04
29.04
29.04
29.04
29.04
29.04
29.04
29.04
29.04
29.04
29.04
29.04
29.04
29.04
29.23
29.23
29.23
29.23
29.23
29.23
29.23
29.23
29.23
29.41
29.41
29.41
29.41
29.41
29.78
29.78
29.78
30.15
30.15
30.15
30.15
30.15
30.15
30.15
30.15
30.33
30.33
30.33
30.33
30.33
30.33
30.33
30.33
30.33
30.33
30.33
30.33
30.33
30.51
30.51
31.07
31.43
31.43
31.43
31.43
31.43
31.43
31.43
31.43
31.43
31.43
31.43
31.43
31.43
31.43
31.43
31.43
31.43
31.43
31.43
31.43
31.43
31.43
31.43
31.43
31.43
31.43
31.43
31.43
31.43
31.43
31.43
31.43
31.43
31.43
31.43
31.43
31.43
31.43
31.8
31.8
31.8
31.8
31.8
31.8
31.8
31.8
31.8
31.8
31.8
31.8
31.8
31.8
31.8
31.8
31.8
31.99
31.99
31.99
31.99
32.35
32.35
32.35
32.35
32.35
32.35
32.35
32.35
32.35
32.35
32.54
32.54
32.54
32.54
32.54
32.54
32.54
32.54
32.72
32.72
32.72
32.72
32.72
32.72
32.72
32.72
32.72
33.27
33.27
33.27
33.27
33.27
33.27
33.27
33.27
33.27
33.27
33.27
33.27
33.27
33.27
33.27
33.27
33.27
33.27
33.27
33.27
33.64
33.64
33.64
33.64
33.64
33.64
33.64
33.64
33.64
33.64
33.64
33.82
33.82
33.82
33.82
33.82
34.01
34.01
34.01
34.19
34.19
34.19
34.38
34.38
34.38
34.38
34.38
34.38
34.38
34.38
34.38
34.38
34.56
34.56
34.56
34.56
34.74
34.74
34.74
34.74
34.74
34.74
34.74
34.74
34.74
34.74
34.74
34.74
34.74
34.93
34.93
35.11
35.29
35.29
35.29
35.29
35.66
35.66
35.66
35.66
36.21
36.21
36.21
36.21
36.21
36.21
36.21
36.21
36.21
36.21
36.21
36.21
36.21
36.21
36.21
36.21
36.21
36.21
36.4
36.76
36.76
36.76
36.76
36.76
36.76
36.76
36.76
36.76
36.76
36.76
36.76
36.76
36.76
36.76
36.76
36.76
36.76
37.32
37.32
37.32
37.32
37.32
37.32
37.32
37.32
37.5
37.5
37.5
37.5
37.5
37.5
37.5
37.5
37.5
37.5
37.5
37.5
37.68
37.68
37.68
38.05
38.05
38.05
38.05
38.05
38.24
38.24
38.6
38.6
38.6
38.6
38.6
38.97
38.97
38.97
38.97
38.97
38.97
38.97
39.15
39.15
39.15
39.15
39.15
39.15
39.15
39.15
39.15
39.15
39.15
39.15
39.15
39.15
39.15
39.15
39.34
39.34
39.34
39.34
39.34
39.34
40.44
40.44
40.44
40.44
40.44
40.44
40.44
40.44
40.44
40.44
40.44
40.44
40.44
40.44
40.44
40.44
40.44
40.44
40.44
40.44
40.44
40.44
40.44
40.63
40.63
40.63
40.81
40.81
40.81
40.81
40.81
40.81
40.81
40.81
40.81
40.81
40.81
40.81
41.18
41.18
41.18
41.18
41.18
41.18
41.18
41.18
41.18
41.18
41.18
41.18
41.36
41.36
41.36
41.73
41.73
41.73
41.73
41.91
41.91
41.91
41.91
41.91
42.1
42.1
42.1
42.1
42.28
42.28
42.28
42.28
42.28
42.28
42.28
42.28
42.28
42.83
42.83
42.83
42.83
42.83
42.83
42.83
42.83
42.83
42.83
42.83
42.83
42.83
42.83
43.2
43.2
43.2
43.2
43.2
43.2
43.75
43.75
43.75
43.75
43.75
43.75
43.75
43.75
43.75
43.75
43.75
43.75
43.75
43.75
43.75
43.75
43.75
43.75
43.75
43.75
44.12
44.12
44.3
44.3
44.49
44.49
44.49
44.49
44.49
44.49
44.49
44.49
44.49
44.49
44.85
44.85
44.85
45.04
45.22
45.22
45.22
45.22
45.22
45.22
45.22
45.22
45.22
45.4
45.4
45.4
45.4
45.4
45.4
45.4
45.4
45.4
45.4
45.4
45.59
45.59
45.77
45.77
45.77
45.96
45.96
45.96
45.96
45.96
46.14
46.14
46.14
46.14
46.14
46.14
46.14
46.14
46.32
46.32
46.51
46.51
46.51
46.51
46.51
46.69
46.88
46.88
46.88
46.88
46.88
46.88
46.88
46.88
46.88
46.88
46.88
46.88
46.88
46.88
46.88
47.06
47.06
47.06
47.06
47.06
47.06
47.06
47.06
47.06
47.43
47.43
47.43
47.43
47.43
47.61
47.61
47.61
47.61
47.61
47.61
47.61
47.61
47.79
47.79
47.79
47.79
47.79
47.79
47.79
47.79
47.79
47.79
47.79
47.79
47.79
47.79
47.98
47.98
47.98
47.98
48.16
48.53
48.53
48.53
48.53
48.71
48.71
48.71
48.71
48.71
48.71
48.71
48.71
48.71
49.08
49.08
49.08
49.08
49.08
49.08
49.08
49.08
49.08
49.08
49.08
49.08
49.08
49.08
49.08
49.08
49.08
49.08
49.08
49.08
49.08
49.08
49.08
49.08
49.08
49.08
49.08
49.82
49.82
49.82
49.82
49.82
49.82
49.82
49.82
49.82
49.82
49.82
49.82
49.82
49.82
49.82
50.0
50.0
50.37
50.37
50.37
50.37
50.37
50.37
50.37
50.37
50.37
50.37
50.37
50.37
50.37
50.37
50.37
50.37
50.37
50.55
50.55
50.55
50.55
50.55
50.55
50.55
50.55
50.55
50.55
50.55
50.55
50.55
50.55
50.55
51.1
51.1
51.1
51.29
51.29
51.29
51.29
51.29
51.29
51.29
51.29
51.29
51.29
51.29
51.29
51.29
51.29
51.29
51.29
51.29
51.29
51.29
51.65
51.65
51.65
51.65
51.65
51.65
51.65
51.65
51.65
51.65
51.65
51.65
51.65
51.65
51.65
51.65
52.02
52.02
52.02
52.02
52.02
52.02
52.02
52.02
52.02
52.02
52.02
52.02
52.02
52.02
52.02
52.02
52.02
52.02
52.02
52.02
52.02
52.02
52.02
52.21
52.21
52.21
52.21
52.21
52.21
52.21
52.21
52.39
52.39
52.39
52.39
52.39
52.76
52.76
52.76
52.76
52.94
52.94
52.94
52.94
52.94
52.94
52.94
52.94
52.94
53.13
53.13
53.13
53.13
53.13
53.13
53.13
53.13
53.13
53.13
53.13
53.13
53.13
53.13
53.13
53.13
53.13
53.13
53.13
53.13
53.13
53.13
53.31
53.31
53.31
53.31
53.31
53.31
53.31
53.31
53.68
53.68
53.68
53.68
53.68
53.68
53.68
53.68
53.68
53.68
53.68
53.68
53.68
53.68
53.68
53.68
53.86
53.86
53.86
53.86
54.04
54.04
54.04
54.04
54.04
54.04
54.04
54.41
54.41
54.41
54.41
54.41
54.41
54.96
54.96
54.96
54.96
54.96
54.96
54.96
54.96
54.96
54.96
54.96
54.96
54.96
54.96
54.96
54.96
54.96
54.96
54.96
54.96
54.96
54.96
54.96
54.96
54.96
54.96
54.96
54.96
54.96
54.96
54.96
54.96
54.96
54.96
54.96
54.96
54.96
55.15
55.15
55.15
55.15
55.15
55.51
55.51
55.51
55.51
55.51
55.51
55.51
55.51
55.51
55.51
55.51
55.51
55.51
55.51
55.7
55.7
55.7
55.7
55.7
55.7
55.7
55.7
55.7
55.7
55.7
55.7
55.88
56.07
56.07
56.07
56.07
56.07
56.07
56.07
56.07
56.07
56.07
56.07
56.07
56.07
56.07
56.25
56.25
56.25
56.25
56.25
56.62
56.62
56.62
56.62
56.62
56.62
56.62
56.62
56.62
56.62
56.8
56.8
56.8
56.8
56.8
56.8
56.8
56.8
56.8
56.8
56.8
56.8
56.99
56.99
56.99
56.99
56.99
56.99
56.99
56.99
56.99
56.99
56.99
56.99
56.99
56.99
56.99
56.99
57.17
57.17
57.17
57.54
57.54
57.54
57.54
57.54
57.54
57.54
57.54
57.54
57.54
57.54
57.54
57.54
57.54
57.54
57.54
57.54
57.54
57.54
57.54
57.54
57.54
57.54
57.72
57.72
57.72
57.72
57.72
57.9
57.9
57.9
57.9
57.9
57.9
57.9
57.9
57.9
57.9
57.9
57.9
58.09
58.09
58.09
58.09
58.09
58.09
58.09
58.09
58.09
58.27
58.27
58.27
58.27
58.27
58.27
58.27
58.27
58.27
58.27
58.27
58.27
58.27
58.27
58.27
58.27
58.27
58.27
58.27
58.27
58.27
58.27
58.27
58.27
58.27
58.46
58.46
58.46
58.46
58.46
58.46
58.46
58.46
58.46
58.46
58.46
58.64
58.64
58.64
58.82
58.82
58.82
58.82
58.82
58.82
58.82
58.82
58.82
58.82
58.82
58.82
58.82
58.82
58.82
58.82
58.82
58.82
58.82
58.82
58.82
58.82
58.82
58.82
58.82
59.01
59.01
59.01
59.01
59.01
59.01
59.01
59.01
59.01
59.01
59.01
59.01
59.01
59.01
59.19
59.19
59.19
59.19
59.38
59.38
59.38
59.38
59.38
59.38
59.38
59.38
59.38
59.38
59.38
59.38
59.56
59.56
59.56
59.56
59.56
59.56
59.56
59.56
59.56
59.56
59.56
59.56
59.56
59.56
59.56
59.74
59.74
59.74
59.74
59.74
59.74
59.74
59.74
59.74
59.74
59.74
59.74
59.74
59.74
59.74
59.74
59.93
59.93
59.93
59.93
59.93
59.93
59.93
59.93
59.93
59.93
59.93
59.93
59.93
59.93
59.93
60.11
60.11
60.11
60.11
60.11
60.11
60.11
60.11
60.11
60.11
60.11
60.11
60.11
60.11
60.11
60.11
60.11
60.11
60.11
60.11
60.11
60.11
60.11
60.11
60.11
60.11
60.11
60.11
60.29
60.29
60.29
60.29
60.29
60.29
60.29
60.29
60.29
60.29
60.29
60.29
60.29
60.29
60.29
60.29
60.29
60.29
60.29
60.29
60.29
60.29
60.29
60.29
60.29
60.29
60.29
60.29
60.29
60.48
60.48
60.48
60.48
60.48
60.48
60.48
60.48
60.48
60.48
60.48
60.48
60.48
60.48
60.48
60.48
60.48
60.48
60.48
60.48
60.48
60.48
60.48
60.48
60.48
60.48
60.48
60.48
60.48
60.48
60.48
60.48
60.48
60.48
60.48
60.48
60.48
60.48
60.66
60.66
60.66
60.66
60.66
60.66
60.66
60.66
60.66
60.66
60.66
60.66
60.66
60.66
60.66
60.66
60.66
60.66
60.66
60.66
60.66
60.66
60.66
60.66
60.66
60.66
60.66
60.66
60.66
60.66
60.66
60.66
60.66
60.66
60.66
60.85
60.85
60.85
60.85
60.85
60.85
60.85
60.85
60.85
60.85
60.85
60.85
60.85
60.85
60.85
60.85
60.85
60.85
60.85
60.85
60.85
60.85
60.85
60.85
60.85
60.85
60.85
60.85
60.85
60.85
60.85
60.85
60.85
60.85
60.85
60.85
60.85
60.85
60.85
60.85
60.85
60.85
60.85
60.85
60.85
60.85
60.85
60.85
60.85
60.85
60.85
60.85
60.85
60.85
60.85
60.85
60.85
60.85
60.85
60.85
60.85
60.85
60.85
60.85
60.85
60.85
60.85
60.85
60.85
60.85
60.85
60.85
60.85
60.85
60.85
60.85
60.85
60.85
60.85
60.85
60.85
60.85
60.85
60.85
60.85
60.85
60.85
60.85
60.85
60.85
60.85
60.85
60.85
60.85
60.85
60.85
60.85
60.85
60.85
60.85
60.85
60.85
60.85
60.85
60.85
60.85
60.85
60.85
60.85
60.85
60.85
60.85
60.85
60.85
60.85
60.85
60.85
60.85
60.85
60.85
60.85
61.03
61.03
61.03
61.03
61.03
61.03
61.03
61.03
61.03
61.03
61.03
61.03
61.03
61.03
61.03
61.03
61.03
61.03
61.03
61.03
61.03
61.03
61.03
61.03
61.03
61.03
61.03
61.03
61.03
61.03
61.03
61.03
61.03
61.03
61.03
61.03
61.03
61.03
61.03
61.03
61.03
61.03
61.03
61.03
61.03
61.03
61.03
61.03
61.03
61.03
61.03
61.03
61.03
61.03
61.03
61.03
61.03
61.03
61.03
61.03
61.03
61.03
61.03
61.03
61.03
61.03
61.03
61.03
61.03
61.03
61.03
61.03
61.03
61.03
61.03
61.03
61.03
61.03
61.03
61.03
61.03
61.03
61.03
