8.18
8.197999999999999
8.270999999999997
8.4
8.455
8.585
8.732
8.805000000000001
8.897
8.988999999999999
9.081
9.137
9.248000000000001
9.322
9.413
9.45
9.559999999999999
9.597
9.615
9.707
9.707
9.725000000000001
9.743
9.743
9.889
9.908
10.018
10.072999999999999
10.147
10.310999999999998
10.366
10.366
10.422
10.439999999999998
10.515
10.553
10.553
10.681000000000001
10.791
10.809000000000001
10.992
11.029
11.029
11.084
11.102
11.120999999999999
11.158
11.287
11.287
11.305000000000001
11.433
11.433
11.506
11.506
11.506
11.524000000000001
11.580000000000002
11.599000000000002
11.636000000000003
11.673000000000002
11.727
11.782
11.836000000000002
11.855
11.874
11.912
11.912
11.967
12.077000000000002
12.149999999999999
12.149999999999999
12.149999999999999
12.241999999999999
12.296999999999999
12.388
12.388
12.48
12.48
12.498999999999999
12.517999999999999
12.683
12.683
12.72
12.755999999999998
12.774
12.774
12.774
12.848000000000003
12.866
12.866
12.921000000000001
12.940000000000001
12.940000000000001
13.050999999999998
13.050999999999998
13.050999999999998
13.068999999999999
13.107
13.107
13.126
13.144
13.144
13.163
13.219
13.255999999999997
13.255999999999997
13.328999999999999
13.383999999999997
13.492999999999999
13.547999999999998
13.584999999999997
13.602999999999998
13.713999999999999
13.769
13.824000000000002
13.86
13.86
14.007000000000001
14.098000000000003
14.098000000000003
14.098000000000003
14.209
14.265
14.265
14.265
14.283000000000001
14.357000000000003
14.394000000000002
14.394000000000002
14.449000000000003
14.449000000000003
14.468000000000004
14.468000000000004
14.522000000000002
14.577000000000004
14.670000000000005
14.670000000000005
14.688000000000002
14.725000000000003
14.761000000000001
14.779000000000002
14.779000000000002
14.779000000000002
14.779000000000002
14.816000000000003
15.0
15.0
15.019
15.019
15.019
15.019
15.038
15.111
15.148000000000001
15.331999999999999
15.35
15.35
15.35
15.35
15.35
15.368
15.387
15.387
15.404999999999998
15.459999999999999
15.459999999999999
15.459999999999999
15.515
15.534
15.551999999999998
15.569999999999999
15.588999999999999
15.626000000000001
15.662
15.662
15.735999999999999
15.791
15.791
15.791
15.809999999999999
15.809999999999999
15.809999999999999
15.809999999999999
15.884
15.921000000000001
15.921000000000001
15.995000000000001
16.05
16.105
16.123
16.177
16.232
16.269
16.288
16.343
16.361
16.361
16.378999999999998
16.378999999999998
16.452
16.489
16.489
16.508000000000003
16.526
16.616999999999997
16.654999999999998
16.875999999999998
16.895
16.912999999999997
16.948999999999998
17.058999999999997
17.113999999999997
17.113999999999997
17.113999999999997
17.15
17.185999999999996
17.185999999999996
17.203999999999997
17.203999999999997
17.240999999999996
17.240999999999996
17.240999999999996
17.240999999999996
17.333999999999996
17.352999999999998
17.371999999999996
17.391
17.445999999999998
17.500999999999998
17.500999999999998
17.52
17.593
17.666
17.666
17.666
17.666
17.721
17.721
17.721
17.721
17.721
17.830999999999996
17.830999999999996
17.904999999999998
18.014999999999997
18.07
18.07
18.107
18.291
18.348
18.384999999999998
18.44
18.458000000000002
18.495
18.531
18.531
18.549
18.621000000000002
18.639000000000003
18.639000000000003
18.694
18.694
18.73
18.767000000000003
18.785000000000004
18.785000000000004
18.785000000000004
18.785000000000004
18.785000000000004
18.822000000000003
18.841
18.97
18.988
19.025
19.043
19.098000000000003
19.190000000000005
19.282000000000004
19.282000000000004
19.410999999999998
19.503999999999998
19.576
19.595
19.613999999999997
19.631999999999998
19.631999999999998
19.669
19.724
19.724
19.761
19.798
19.798
19.798
19.816
19.816
19.869999999999997
20.054
20.072
20.091
20.146
20.182
20.201
20.385
20.385
20.385
20.478
20.496000000000002
20.532
20.569
20.587
20.661
20.679000000000002
20.679000000000002
20.79
20.79
20.79
20.845
20.845
20.881999999999998
20.881999999999998
20.881999999999998
20.881999999999998
20.918
20.936
20.973000000000003
21.064999999999998
21.083999999999996
21.232
21.323999999999998
21.323999999999998
21.360999999999997
21.397999999999996
21.508
21.508
21.526999999999997
21.564
21.564
21.582
21.6
21.673000000000002
21.728
21.819
21.837
21.856
21.856
21.910999999999998
21.910999999999998
21.93
21.93
21.93
21.949
22.022
22.041
22.096
22.132
22.206000000000003
22.206000000000003
22.279000000000003
22.371000000000002
22.445
22.445
22.462999999999997
22.573999999999998
22.573999999999998
22.628999999999998
22.628999999999998
22.647999999999996
22.701999999999998
22.756
22.830000000000002
22.940000000000005
22.940000000000005
22.995000000000005
22.995000000000005
23.014000000000003
23.125
23.125
23.234999999999996
23.308
23.345
23.363999999999997
23.363999999999997
23.383
23.419999999999998
23.419999999999998
23.475
23.493000000000002
23.549
23.567
23.678
23.678
23.732999999999997
23.732999999999997
23.750999999999998
23.769
23.806
23.806
23.841999999999995
23.841999999999995
23.841999999999995
23.841999999999995
23.878999999999998
23.897
24.080999999999996
24.080999999999996
24.136
24.191
24.227999999999998
24.264999999999997
24.282999999999998
24.301
24.338
24.356
24.393
24.448
24.522000000000002
24.651000000000003
24.651000000000003
24.669000000000004
24.744000000000003
24.762
24.816
24.926
24.945
24.981
25.017
25.035999999999998
25.147
25.147
25.165
25.165
25.311
25.346999999999998
25.384999999999998
25.421
25.458
25.494999999999997
25.512999999999998
25.587
25.661
25.716
25.716
25.716
25.808000000000003
25.808000000000003
25.808000000000003
25.827000000000005
25.845000000000006
25.863
25.863
25.863
25.954
26.047000000000004
26.102000000000004
26.119999999999997
26.119999999999997
26.193
26.212
26.321999999999996
26.340999999999998
26.358999999999998
26.395
26.395
26.47
26.488
26.542999999999996
26.672999999999995
26.727999999999998
26.727999999999998
26.727999999999998
26.837
26.856
26.911
26.965999999999998
27.002999999999997
27.002999999999997
27.04
27.151
27.169
27.169
27.225
27.225
27.244
27.336000000000002
27.354000000000003
27.354000000000003
27.445000000000004
27.463
27.537
27.703000000000003
27.758000000000003
27.758000000000003
27.814
27.869999999999997
27.887999999999998
27.906
27.924
27.978999999999996
28.052999999999997
28.052999999999997
28.181
28.199
28.216999999999995
28.272000000000002
28.327999999999996
28.418999999999993
28.455999999999996
28.455999999999996
28.455999999999996
28.473999999999997
28.546999999999997
28.546999999999997
28.639999999999997
28.695
28.732
28.841
28.860000000000003
28.860000000000003
28.897000000000002
28.970999999999997
28.970999999999997
28.99
28.99
28.99
29.063
29.117
29.246
29.300999999999995
29.300999999999995
29.410999999999994
29.447999999999997
29.466999999999995
29.54
29.558
29.612999999999992
29.631999999999998
29.669
29.687
29.742999999999995
29.833999999999996
29.851999999999997
29.851999999999997
29.869999999999997
29.887999999999998
29.887999999999998
29.906
29.925
29.925
29.963
30.0
30.0
30.147
30.165
30.201
30.22
30.294999999999998
30.404000000000003
30.551
30.551
30.625
30.643
30.68
30.752999999999997
30.752999999999997
30.770999999999997
30.826
30.844
30.881
30.9
30.9
30.918
30.973000000000003
30.992
31.029000000000003
31.048000000000002
31.048000000000002
31.157
31.157
31.193999999999996
31.230999999999995
31.267999999999994
31.287
31.287
31.378999999999998
31.47
31.506999999999998
31.562
31.562
31.636000000000003
31.673000000000002
31.708999999999996
31.745000000000005
31.783000000000005
31.838
31.893000000000008
31.947999999999997
31.965999999999998
31.983999999999998
32.001999999999995
32.076
32.131
32.16799999999999
32.205
32.205
32.205
32.315999999999995
32.334
32.407
32.426
32.536
32.536
32.553999999999995
32.553999999999995
32.590999999999994
32.61
32.739999999999995
32.739999999999995
32.886
32.905
32.905
32.905
32.942
33.053000000000004
33.071000000000005
33.071000000000005
33.089000000000006
33.163
33.218
33.218
33.273
33.273
33.292
33.347
33.364999999999995
33.419
33.476
33.513
33.586
33.623000000000005
33.696000000000005
33.696000000000005
33.696000000000005
33.751999999999995
33.788
33.842999999999996
33.935
33.952999999999996
33.952999999999996
34.027
34.11899999999999
34.11899999999999
34.13699999999999
34.13699999999999
34.154999999999994
34.209999999999994
34.338
34.375
34.394000000000005
34.394000000000005
34.394000000000005
34.467
34.467
34.504000000000005
34.597
34.615
34.67
34.67
34.724000000000004
34.778
34.778
34.797
34.833999999999996
34.909
34.928
34.928
34.928
34.99999999999999
35.03699999999999
35.128
35.145999999999994
35.164
35.29299999999999
35.330999999999996
35.330999999999996
35.330999999999996
35.330999999999996
35.349
35.368
35.404
35.422
35.422
35.476
35.642999999999994
35.642999999999994
35.67999999999999
35.67999999999999
35.69799999999999
35.717
35.827
35.882999999999996
35.937
35.992
36.102999999999994
36.102999999999994
36.159
36.196
36.28699999999999
36.28699999999999
36.30499999999999
36.397
36.433
36.47
36.525
36.525
36.543
36.635000000000005
36.654
36.672000000000004
36.672000000000004
36.746
36.746
36.801
36.857
37.021
37.021
37.040000000000006
37.05800000000001
37.132000000000005
37.150000000000006
37.169000000000004
37.224000000000004
37.243
37.298
37.31700000000001
37.372
37.409000000000006
37.409000000000006
37.446000000000005
37.464
37.464
37.519000000000005
37.685
37.758
37.775999999999996
37.775999999999996
37.887
37.887
37.905
37.923
37.978
37.978
38.107000000000006
38.107000000000006
38.17999999999999
38.17999999999999
38.198
38.198
38.198
38.253
38.29
38.30800000000001
38.345000000000006
38.345000000000006
38.364
38.49300000000001
38.53000000000001
38.622
38.622
38.64
38.714000000000006
38.75
38.824
38.88
38.916
38.934999999999995
38.934999999999995
38.991
39.028
39.138
39.156
39.17399999999999
39.285000000000004
39.321
39.321
39.321
39.339999999999996
39.394999999999996
39.394999999999996
39.432
39.46900000000001
39.504999999999995
39.56
39.56
39.577999999999996
39.688
39.725
39.725
39.725
39.778999999999996
39.833999999999996
39.852
39.852
39.852
39.852
39.944
39.944
39.99999999999999
39.99999999999999
40.017999999999994
40.128
40.147000000000006
40.203
40.221
40.24
40.332
40.389
40.407000000000004
40.480000000000004
40.534000000000006
40.588
40.588
40.625
40.625
40.698
40.698
40.753
40.863
40.863
40.919
40.992
41.083
41.083
41.176
41.213
41.213
41.232000000000006
41.232000000000006
41.342
41.416000000000004
41.453
41.507999999999996
41.544000000000004
41.581
41.599000000000004
41.599000000000004
41.599000000000004
41.728
41.728
41.728
41.855000000000004
41.855000000000004
41.87400000000001
41.87400000000001
41.89200000000001
41.89200000000001
41.928
42.002
42.113
42.224000000000004
42.24300000000001
42.24300000000001
42.35300000000001
42.44500000000001
42.50000000000001
42.609
42.609
42.646
42.665000000000006
42.665000000000006
42.684000000000005
42.684000000000005
42.775
42.812
42.812
42.83
42.83
42.868
42.886
42.905
42.958999999999996
42.995999999999995
43.088
43.088
43.088
43.088
43.088
43.107
43.199
43.217
43.292
43.309999999999995
43.346000000000004
43.400999999999996
43.456
43.456
43.474000000000004
43.492000000000004
43.547
43.583999999999996
43.658
43.69499999999999
43.75
43.75
43.767999999999994
43.803999999999995
43.82299999999999
43.840999999999994
43.840999999999994
43.915
43.971
43.971
43.99
44.026
44.044
44.062000000000005
44.155
44.173
44.265
44.339000000000006
44.37500000000001
44.43000000000001
44.504000000000005
44.504000000000005
44.522000000000006
44.540000000000006
44.55800000000001
44.594
44.631
44.631
44.686
44.723
44.723
44.742000000000004
44.761
44.78
44.835
44.854
44.928000000000004
44.983000000000004
45.02
45.038
45.074
45.074
45.164
45.221
45.221
45.221
45.221
45.239
45.257
45.331
45.331
45.386
45.442
45.534000000000006
45.553000000000004
45.59
45.608
45.66199999999999
45.67999999999999
45.67999999999999
45.67999999999999
45.69799999999999
45.809
45.827
45.827
45.882999999999996
45.92
46.011
46.066
46.14
46.159000000000006
46.159000000000006
46.178000000000004
46.178000000000004
46.233
46.324
46.361000000000004
46.434000000000005
46.453
46.453
46.471
46.471
46.507999999999996
46.507999999999996
46.545
46.637
46.637
46.674
46.711
46.729
46.729
46.747
46.784
46.802
46.82
46.838
46.875
46.912
46.95
