8.82
8.82
8.82
8.82
8.82
8.82
9.01
9.01
9.01
9.38
9.38
9.74
9.74
9.74
9.74
9.93
9.93
9.93
9.93
9.93
10.11
10.11
10.29
10.29
10.29
10.66
10.66
10.66
10.85
10.85
10.85
10.85
11.03
11.4
11.4
11.4
11.4
11.4
11.4
11.4
11.4
11.4
11.4
11.4
11.4
11.4
11.4
11.4
11.58
11.58
11.95
11.95
11.95
11.95
11.95
11.95
12.13
12.13
12.13
12.13
12.13
12.13
12.5
12.5
12.5
12.5
12.5
12.5
12.5
12.5
12.5
12.5
12.5
12.68
12.68
13.6
13.6
13.6
13.6
13.6
13.6
13.6
13.6
13.6
13.6
13.6
13.6
13.6
13.6
13.6
13.6
13.6
13.97
13.97
13.97
13.97
13.97
13.97
13.97
13.97
13.97
13.97
13.97
13.97
13.97
13.97
13.97
13.97
13.97
13.97
13.97
13.97
13.97
13.97
13.97
14.34
14.34
14.34
14.34
14.34
14.34
14.34
14.34
14.34
14.34
14.34
14.34
14.52
14.52
14.89
14.89
14.89
14.89
14.89
14.89
14.89
14.89
14.89
14.89
15.07
15.07
15.07
15.07
15.07
15.07
15.63
15.63
15.81
15.81
15.81
15.81
15.81
15.81
15.81
15.81
15.81
15.81
15.81
15.81
15.81
15.81
15.81
15.81
16.36
16.36
16.36
16.36
16.36
16.36
16.36
16.36
16.36
16.36
16.36
16.36
16.36
16.36
16.36
16.36
16.36
16.36
16.36
16.36
16.36
16.36
16.36
16.36
16.36
16.36
16.36
16.36
16.36
16.36
16.36
16.36
16.36
16.36
16.36
16.36
16.54
16.54
16.54
16.54
16.91
17.1
17.1
17.1
17.1
17.1
17.28
17.28
17.28
17.28
17.28
17.28
17.28
17.28
17.28
17.28
17.28
17.28
17.28
17.46
17.46
17.46
17.46
17.46
17.46
17.46
17.46
17.46
17.46
17.46
17.46
17.83
17.83
17.83
17.83
17.83
17.83
17.83
17.83
18.57
18.57
18.57
18.57
18.57
18.57
18.57
18.57
18.57
18.57
18.57
18.57
18.57
18.57
18.57
18.57
18.57
18.57
18.57
18.57
18.57
18.57
18.57
18.57
18.57
18.57
18.57
18.57
18.57
18.57
18.57
18.57
18.57
18.57
18.57
18.57
18.57
18.57
18.57
18.57
19.12
19.3
19.3
19.3
19.3
19.3
19.3
19.3
19.3
19.3
19.3
19.3
19.3
19.3
19.3
19.3
19.3
19.3
19.49
19.49
19.49
19.49
19.49
19.49
19.67
19.85
19.85
19.85
19.85
19.85
19.85
19.85
19.85
19.85
19.85
19.85
19.85
19.85
19.85
19.85
20.04
20.04
20.04
20.22
20.22
20.22
20.22
20.22
20.22
20.4
20.4
20.4
20.4
20.4
20.4
20.4
20.4
20.4
20.59
20.59
20.59
20.59
20.59
20.59
20.59
20.59
20.59
20.59
20.59
20.59
20.59
20.59
20.59
20.59
20.59
20.96
20.96
20.96
21.32
21.32
21.32
21.32
21.32
21.32
21.32
21.32
21.32
21.32
21.32
21.32
21.32
21.32
21.32
21.32
21.32
21.32
21.32
21.32
21.32
21.32
21.32
21.32
21.32
21.32
21.32
21.32
21.32
21.32
21.32
21.32
21.32
21.32
21.32
21.51
21.51
21.51
21.51
22.24
22.24
22.24
22.24
22.24
22.24
22.24
22.24
22.24
22.24
22.24
22.24
22.24
22.24
22.24
22.24
22.24
22.24
22.79
22.79
22.79
22.79
22.79
22.98
22.98
22.98
22.98
22.98
23.16
23.16
23.16
23.16
23.16
23.16
23.16
23.16
23.16
23.16
23.16
23.16
23.16
23.16
23.16
23.16
23.16
23.16
23.16
23.16
23.16
23.16
23.35
23.35
23.35
23.35
23.35
23.35
23.35
23.53
23.53
23.53
23.53
23.53
24.26
24.26
24.26
24.26
24.26
24.26
24.26
24.26
24.26
24.26
24.26
24.26
24.26
24.26
24.26
24.26
24.26
24.26
24.26
24.26
24.26
24.26
24.26
24.26
24.82
25.0
25.0
25.0
25.0
25.0
25.0
25.0
25.0
25.0
25.0
25.0
25.0
25.0
25.0
25.0
25.0
25.0
25.0
25.0
25.0
25.0
25.0
25.18
25.18
25.18
25.18
25.18
25.18
25.18
25.18
25.18
25.18
25.18
25.18
25.18
25.37
25.37
25.37
25.55
25.55
25.55
25.55
25.55
25.55
25.55
25.55
25.55
25.55
25.74
25.74
25.74
25.74
25.74
25.74
25.74
25.74
25.74
25.92
25.92
25.92
25.92
25.92
25.92
25.92
25.92
25.92
25.92
26.1
26.29
26.29
26.29
26.29
26.29
26.29
26.47
26.65
26.65
26.65
26.65
26.65
26.65
26.65
26.65
26.84
26.84
26.84
26.84
26.84
26.84
26.84
26.84
26.84
26.84
27.02
27.02
27.02
27.02
27.02
27.02
27.02
27.02
27.02
27.21
27.21
27.21
27.21
27.21
27.39
27.39
27.39
27.39
27.39
27.39
27.39
27.39
27.39
27.57
27.57
27.57
27.57
27.57
27.94
27.94
27.94
27.94
27.94
27.94
27.94
27.94
28.13
28.13
28.13
28.13
28.13
28.13
28.13
28.13
28.13
28.13
28.13
28.13
28.13
28.13
28.13
28.31
28.31
28.31
28.31
28.31
28.31
28.31
28.31
28.31
28.31
28.31
28.31
28.49
28.49
28.68
28.68
28.68
28.68
28.68
28.68
28.68
28.68
28.68
29.04
29.04
29.04
29.04
29.23
29.23
29.23
29.23
29.23
29.23
29.23
29.23
29.23
29.23
29.23
29.23
29.23
29.23
29.23
29.23
29.41
29.41
29.41
29.41
29.41
29.41
29.41
29.41
29.41
29.41
29.41
29.41
29.78
29.78
29.78
29.78
29.78
29.78
29.78
29.78
29.78
29.78
30.15
30.15
30.15
30.15
30.15
30.15
30.15
30.15
30.15
30.15
30.15
30.15
30.15
30.15
30.15
30.15
30.15
30.15
30.15
30.15
30.15
30.15
30.7
30.7
30.7
30.7
30.7
30.7
30.7
30.7
30.7
30.7
30.7
30.7
30.7
31.07
31.25
31.25
31.25
31.25
31.25
31.25
31.25
31.25
31.25
31.43
31.43
31.43
31.43
31.62
31.62
31.62
31.62
31.62
31.62
31.62
31.62
31.62
31.62
31.62
31.62
31.62
31.62
31.8
31.8
31.8
31.8
31.99
31.99
31.99
31.99
31.99
31.99
31.99
31.99
31.99
31.99
31.99
31.99
31.99
32.17
32.17
32.17
32.17
32.17
32.17
32.17
32.17
32.17
32.17
32.17
32.72
32.72
32.72
32.72
32.72
32.72
32.72
32.72
32.72
33.27
33.27
33.27
33.27
33.27
33.27
33.27
33.27
33.27
33.27
33.27
33.27
33.27
33.27
33.27
33.27
33.46
33.46
33.46
33.46
33.46
33.46
33.46
33.46
33.46
33.46
33.46
33.46
33.46
33.46
33.46
33.64
33.64
33.64
33.64
33.64
33.64
33.64
33.64
33.64
33.64
33.64
33.64
33.64
33.64
33.64
33.64
33.64
33.64
33.64
33.82
33.82
33.82
33.82
33.82
33.82
33.82
33.82
33.82
34.01
34.01
34.19
34.19
34.19
34.19
34.19
34.19
34.19
34.19
34.38
34.38
34.38
34.38
34.38
34.38
34.38
34.38
34.38
34.38
34.56
34.74
34.74
34.74
34.74
34.74
34.74
34.74
34.74
34.74
34.74
34.74
34.74
34.74
34.93
34.93
34.93
34.93
34.93
34.93
34.93
34.93
34.93
34.93
34.93
35.29
35.29
35.29
35.29
35.48
35.48
35.48
35.66
35.66
35.66
35.66
35.66
35.66
35.66
35.66
35.66
35.66
35.66
35.85
35.85
35.85
35.85
35.85
35.85
35.85
35.85
35.85
35.85
35.85
35.85
35.85
36.03
36.4
36.4
36.4
36.4
36.4
36.4
36.4
36.4
36.4
36.4
36.4
36.4
36.4
36.4
36.4
36.4
36.4
36.4
36.76
36.76
36.76
36.76
36.76
36.76
36.76
36.76
36.76
36.76
36.76
36.76
36.76
36.76
36.76
36.76
36.95
36.95
36.95
36.95
36.95
36.95
36.95
36.95
36.95
37.13
37.13
37.13
37.13
37.13
37.13
37.13
37.13
37.13
37.13
37.13
37.13
37.32
37.32
37.32
37.32
37.32
37.32
37.32
37.32
37.5
37.5
37.5
37.5
37.5
37.5
37.5
37.68
37.68
37.68
37.68
37.68
37.68
37.87
37.87
38.05
38.05
38.05
38.05
38.05
38.05
38.05
38.05
38.05
38.05
38.42
38.42
38.42
38.42
38.97
38.97
38.97
38.97
38.97
38.97
38.97
38.97
38.97
38.97
38.97
39.34
39.34
39.34
39.34
39.34
39.34
39.34
39.34
39.71
39.71
39.71
39.71
39.71
39.71
39.71
39.71
39.71
39.71
39.71
39.71
39.71
39.71
39.71
39.71
39.71
39.71
39.71
39.71
39.71
39.71
39.71
39.71
39.71
39.71
39.71
39.71
39.71
39.71
39.71
39.71
39.71
39.71
39.89
39.89
39.89
39.89
39.89
39.89
39.89
39.89
39.89
39.89
39.89
39.89
40.07
40.07
40.07
40.44
40.44
40.44
40.44
40.44
40.44
40.44
40.44
40.44
40.44
40.44
40.44
40.44
40.99
40.99
40.99
40.99
40.99
40.99
40.99
40.99
40.99
41.18
41.18
41.18
41.18
41.18
41.18
41.18
41.18
41.36
41.36
41.36
41.36
41.36
41.36
41.36
41.36
41.36
41.36
41.36
41.36
41.36
41.36
41.36
41.36
41.36
42.1
42.1
42.1
42.1
42.1
42.1
42.1
42.1
42.1
42.1
42.1
42.1
42.1
42.1
42.1
42.1
42.1
42.1
42.1
42.1
42.1
42.1
42.1
42.1
42.1
42.1
42.28
42.28
42.28
42.28
42.65
42.65
42.65
42.65
42.65
42.65
42.65
42.65
42.83
42.83
43.01
43.01
43.01
43.01
43.01
43.01
43.01
43.01
43.2
43.2
43.38
43.38
43.38
43.38
43.38
43.38
43.38
43.38
43.38
43.38
43.38
43.38
43.38
43.38
43.38
43.57
43.57
43.57
43.75
43.75
43.75
43.75
43.75
43.75
43.75
43.75
43.75
44.12
44.12
44.12
44.12
44.12
44.12
44.12
44.3
44.3
44.3
44.49
44.49
44.49
44.49
44.49
44.49
44.49
44.49
44.49
44.49
44.49
44.49
44.49
44.49
44.49
44.67
44.67
44.67
44.67
44.67
44.67
44.67
44.67
45.04
45.4
45.4
45.4
45.4
45.4
45.4
45.4
45.4
45.4
45.4
45.4
45.96
45.96
45.96
45.96
45.96
45.96
45.96
45.96
45.96
45.96
45.96
45.96
45.96
45.96
45.96
46.14
46.14
46.14
46.14
46.14
46.32
46.32
46.32
46.32
46.51
46.69
46.69
46.69
46.69
46.69
46.69
46.69
46.69
46.69
46.69
46.69
46.69
46.69
46.69
46.69
46.69
46.69
47.24
47.24
47.24
47.24
47.24
47.24
47.24
47.24
47.79
47.79
47.79
47.79
47.79
47.79
47.79
47.79
47.79
47.79
47.79
47.79
47.79
47.79
47.79
47.79
47.79
47.79
47.79
47.79
48.35
48.35
48.35
48.35
48.35
48.35
48.35
48.35
48.35
48.35
48.35
48.35
48.35
48.35
48.53
48.53
48.53
48.53
48.53
48.53
48.53
48.53
48.9
48.9
48.9
49.08
49.08
49.08
49.08
49.08
49.08
49.08
49.08
49.08
49.08
49.08
49.08
49.26
49.26
49.26
49.26
49.26
49.26
49.26
49.26
49.26
49.26
49.26
49.82
49.82
49.82
49.82
49.82
49.82
49.82
49.82
49.82
50.0
50.0
50.0
50.0
50.0
50.0
50.0
50.0
50.0
50.0
50.18
50.18
50.18
50.18
50.18
50.37
50.37
51.1
51.1
51.1
51.1
51.1
51.1
51.1
51.1
51.1
51.1
51.1
51.1
51.29
51.29
51.29
51.29
51.29
51.29
51.47
51.47
51.47
51.47
51.47
51.47
51.47
51.47
51.47
51.47
51.47
51.47
51.47
51.47
51.47
51.47
51.47
51.47
51.65
51.65
51.65
51.65
51.65
51.65
51.65
51.65
51.65
51.84
51.84
51.84
52.02
52.02
52.02
52.39
52.39
52.57
52.57
52.57
52.57
52.57
52.57
52.57
52.57
52.57
52.57
52.57
52.94
52.94
52.94
52.94
52.94
52.94
52.94
52.94
52.94
52.94
52.94
52.94
52.94
52.94
52.94
52.94
52.94
52.94
53.13
53.13
53.31
53.31
53.31
53.31
53.31
53.49
53.49
53.49
53.49
53.49
53.49
53.49
53.49
53.49
53.49
54.04
54.04
54.04
54.04
54.04
54.04
54.04
54.04
54.04
54.04
54.04
54.04
54.04
54.04
54.04
54.23
54.23
54.23
54.23
54.23
54.41
54.41
54.41
54.41
54.96
54.96
54.96
54.96
54.96
54.96
54.96
54.96
54.96
54.96
54.96
54.96
54.96
54.96
54.96
54.96
54.96
54.96
55.15
55.15
55.51
55.51
55.51
55.51
55.51
55.51
55.51
55.51
55.51
55.51
55.51
55.51
55.51
55.51
55.7
55.7
55.7
55.7
55.88
55.88
55.88
55.88
55.88
55.88
55.88
55.88
55.88
55.88
55.88
55.88
56.07
56.07
56.25
56.25
56.25
56.43
56.43
56.43
56.43
56.43
56.43
56.43
56.43
56.43
56.43
56.43
56.43
56.62
56.8
56.8
56.8
56.8
56.8
56.8
56.8
56.8
56.8
56.8
56.8
56.8
56.8
56.8
57.54
57.54
57.54
57.54
57.54
57.54
57.54
57.54
57.54
57.54
57.54
57.54
57.54
57.54
57.54
57.54
57.72
58.27
58.27
58.27
58.27
58.27
58.27
58.27
58.27
58.27
58.27
58.27
58.27
58.27
58.27
58.27
58.27
58.27
58.27
58.27
58.27
58.27
58.27
58.27
58.27
58.27
58.27
58.27
58.27
58.27
58.27
58.46
58.46
58.64
58.64
58.64
58.64
58.64
58.64
58.64
59.01
59.01
59.01
59.01
59.01
59.01
59.01
59.56
59.56
59.56
59.56
59.56
59.56
59.56
59.56
59.56
59.56
59.56
59.56
59.74
59.74
59.74
59.74
59.74
59.74
59.93
59.93
59.93
59.93
60.11
60.11
60.11
60.11
60.11
60.11
60.11
60.11
60.29
60.29
60.29
60.29
60.29
60.29
60.29
60.29
60.29
60.29
60.29
60.48
60.48
60.48
60.48
60.66
60.85
60.85
60.85
60.85
60.85
60.85
60.85
61.03
61.03
61.03
61.21
61.21
61.21
61.21
61.21
61.21
61.4
61.4
61.4
61.4
61.58
61.58
61.58
61.58
61.58
61.58
61.58
61.76
61.76
61.76
61.76
61.76
61.76
61.76
61.76
61.76
61.76
61.76
61.76
61.95
61.95
61.95
62.13
62.13
62.13
62.13
62.13
62.13
62.32
62.32
62.32
62.32
62.32
62.32
62.32
62.32
62.5
62.5
62.5
62.5
62.5
62.5
62.5
62.5
62.5
62.5
62.68
62.68
62.68
62.87
62.87
63.24
63.24
63.24
63.24
63.24
63.24
63.24
63.42
63.42
63.42
63.42
63.42
63.42
63.42
63.42
63.42
63.6
63.6
63.79
63.79
63.79
63.97
63.97
63.97
63.97
63.97
63.97
63.97
63.97
63.97
63.97
63.97
63.97
63.97
64.15
64.15
64.15
64.15
64.34
64.34
64.34
64.34
64.34
64.34
64.34
64.34
64.34
64.34
64.34
64.34
64.34
64.52
64.52
64.52
64.52
64.52
64.71
64.71
64.71
64.89
64.89
64.89
65.07
65.07
65.07
65.07
65.07
65.07
65.07
65.26
65.26
65.26
65.26
65.26
65.26
65.44
65.44
65.44
65.44
65.44
65.44
65.63
65.63
65.63
65.63
65.63
65.63
65.63
65.63
65.63
65.81
65.81
65.81
65.99
65.99
65.99
65.99
65.99
65.99
65.99
65.99
65.99
65.99
65.99
66.18
66.18
66.18
66.18
66.18
66.36
66.36
66.36
66.36
66.36
66.36
66.36
66.36
66.73
66.73
66.73
66.73
66.73
66.73
66.73
66.73
66.73
66.73
66.73
66.73
66.73
66.73
66.73
66.91
66.91
66.91
66.91
66.91
66.91
66.91
66.91
67.1
67.1
67.1
67.1
67.1
67.28
67.28
67.46
67.46
67.46
67.46
67.46
67.46
67.46
67.46
67.65
67.65
67.65
67.65
67.65
67.65
67.65
67.65
67.65
67.65
67.65
67.65
67.65
67.65
67.65
67.65
67.65
67.83
67.83
67.83
67.83
67.83
67.83
67.83
67.83
67.83
67.83
67.83
67.83
67.83
67.83
68.01
68.01
68.01
68.01
68.01
68.01
68.01
68.01
68.01
68.01
68.01
68.01
68.01
68.01
68.01
68.01
68.2
68.2
68.2
68.2
68.2
68.2
68.2
68.38
68.38
