8.364
8.401
8.547999999999998
8.675999999999998
8.748999999999999
8.787
8.842000000000002
8.86
8.989
9.117999999999999
9.21
9.338
9.429999999999998
9.429999999999998
9.503999999999998
9.521999999999998
9.557999999999998
9.576999999999998
9.669
9.76
9.797
9.907
9.979999999999999
10.072
10.072
10.145999999999999
10.219
10.238
10.385000000000002
10.422
10.44
10.532
10.532
10.551
10.551
10.642
10.770999999999997
10.826999999999996
10.938999999999998
10.976999999999999
10.995
11.122000000000002
11.214
11.287000000000003
11.305000000000003
11.323
11.341000000000001
11.378000000000002
11.414000000000003
11.414000000000003
11.469
11.543
11.543
11.579
11.653
11.745000000000001
11.782
11.855
11.947000000000001
11.984
12.058
12.094000000000001
12.094000000000001
12.223
12.242
12.279
12.389
12.408
12.463
12.463
12.519
12.519
12.519
12.537
12.574000000000002
12.629
12.629
12.666
12.666
12.684000000000001
12.794
12.942000000000002
13.015
13.015
13.034
13.053
13.053
13.125
13.125
13.180999999999997
13.254999999999999
13.291999999999998
13.291999999999998
13.328999999999999
13.328999999999999
13.419999999999998
13.475
13.603
13.603
13.675999999999998
13.732
13.768
13.768
13.768
13.822000000000003
13.896000000000004
13.896000000000004
13.951000000000002
14.079000000000002
14.079000000000002
14.097
14.097
14.134
14.153
14.190000000000001
14.246
14.246
14.264000000000001
14.411000000000001
14.429000000000002
14.429000000000002
14.503000000000004
14.522000000000002
14.65
14.687000000000001
14.724
14.89
14.926000000000002
14.962000000000003
14.999
15.072000000000003
15.072000000000003
15.091000000000003
15.126999999999999
15.238999999999999
15.312999999999999
15.386
15.422
15.440999999999999
15.496
15.515
15.533000000000001
15.624
15.624
15.624
15.624
15.643
15.735000000000003
15.735000000000003
15.754000000000001
15.828000000000003
15.847000000000003
15.866000000000003
15.921000000000001
15.958000000000002
15.995000000000001
16.068
16.105
16.105
16.142000000000003
16.214000000000002
16.232000000000003
16.232000000000003
16.268
16.268
16.323
16.395999999999997
16.395999999999997
16.395999999999997
16.433
16.543
16.636
16.747
16.784
16.802
16.802
16.802
16.82
16.857
16.857
16.931
16.967999999999996
16.967999999999996
17.003999999999998
17.003999999999998
17.04
17.04
17.113999999999997
17.113999999999997
17.133
17.223999999999997
17.223999999999997
17.261
17.261
17.261
17.317
17.336
17.336
17.371999999999996
17.407999999999998
17.518
17.537
17.537
17.574
17.648000000000003
17.683999999999997
17.701999999999998
17.794
17.830000000000002
17.942
17.96
18.033
18.143
18.161
18.198
18.198
18.217000000000002
18.217000000000002
18.253000000000004
18.271
18.289
18.437
18.509999999999998
18.529
18.567
18.567
18.567
18.567
18.585
18.622
18.657999999999994
18.693999999999996
18.749
18.767
18.803
18.878
18.897
18.897
18.970000000000002
19.081
19.081
19.155
19.155
19.21
19.247
19.247
19.321
19.339000000000002
19.413
19.469
19.469
19.633
19.651
19.669999999999998
19.743
19.835
19.962
19.962
19.999000000000002
20.109
20.127000000000002
20.127000000000002
20.201
20.219
20.219
20.256
20.33
20.349
20.386
20.403999999999996
20.440999999999995
20.477999999999998
20.532999999999998
20.57
20.624000000000002
20.624000000000002
20.698
20.735
20.735
20.791
20.827999999999996
20.845999999999997
20.883999999999997
20.938
20.993000000000002
20.993000000000002
20.993000000000002
21.085
21.102999999999998
21.102999999999998
21.139
21.25
21.269
21.306
21.342000000000002
21.342000000000002
21.397000000000002
21.488999999999997
21.69
21.69
21.708000000000002
21.781
21.781
21.836
21.872999999999998
21.91
21.929
22.021
22.04
22.096
22.133000000000003
22.262
22.372
22.372
22.39
22.463
22.481
22.481
22.518000000000004
22.535999999999998
22.573
22.609
22.609
22.663999999999998
22.663999999999998
22.682
22.701
22.758
22.776999999999997
22.813
22.922999999999995
23.032999999999998
23.107
23.143
23.235
23.235
23.272
23.309
23.438
23.475
23.475
23.475
23.512
23.549
23.549
23.622
23.64
23.713
23.768000000000004
23.823
23.842
23.916
23.971999999999998
24.026
24.026
24.044999999999998
24.082
24.082
24.1
24.154999999999998
24.190999999999995
24.227999999999998
24.282999999999994
24.374999999999996
24.505
24.523
24.541
24.614
24.651000000000003
24.688
24.798
24.871000000000002
24.89
24.909
24.982999999999997
24.982999999999997
25.037
25.074
25.091999999999995
25.128999999999998
25.201999999999998
25.201999999999998
25.293
25.311
25.514
25.588
25.644
25.662
25.662
25.735000000000003
25.735000000000003
25.735000000000003
25.772000000000002
25.791000000000004
25.828000000000003
25.940000000000005
25.940000000000005
25.958
25.958
25.994999999999997
26.049
26.067
26.084999999999997
26.141000000000002
26.141000000000002
26.159000000000002
26.232
26.286
26.451999999999998
26.562
26.562
26.580000000000002
26.617
26.617
26.673000000000002
26.673000000000002
26.673000000000002
26.801000000000005
26.875000000000007
26.875000000000007
27.023000000000003
27.115000000000002
27.133000000000003
27.133000000000003
27.28000000000001
27.316000000000003
27.372000000000003
27.372000000000003
27.390000000000004
27.445000000000004
27.463
27.463
27.463
27.482
27.574
27.574
27.610999999999997
27.721999999999998
27.758
27.758
27.758
27.794999999999998
27.794999999999998
27.868000000000002
27.96
27.96
28.016000000000002
28.016000000000002
28.145000000000003
28.253999999999998
28.272
28.272
28.272
28.29
28.365
28.421
28.531
28.639999999999993
28.658999999999992
28.658999999999992
28.732999999999993
28.805999999999994
28.824999999999996
28.879999999999995
28.879999999999995
28.970999999999997
29.008
29.044999999999998
29.044999999999998
29.118999999999993
29.118999999999993
29.155999999999995
29.175
29.192999999999994
29.192999999999994
29.192999999999994
29.284999999999997
29.377000000000002
29.413
29.45
29.559999999999995
29.651999999999997
29.651999999999997
29.671
29.726
29.726
29.762999999999998
29.872000000000003
29.890000000000004
29.927000000000003
29.946000000000005
29.983000000000004
30.000999999999998
30.057
30.130000000000003
30.148000000000003
30.185000000000002
30.221999999999998
30.294999999999998
30.294999999999998
30.441000000000003
30.496999999999996
30.514999999999997
30.552
30.552
30.607
30.717999999999996
30.754999999999995
30.809999999999995
30.809999999999995
30.846999999999998
30.883999999999997
30.939
30.957
30.957
31.012
31.012
31.085
31.122000000000003
31.177
31.213
31.341
31.434000000000005
31.472
31.472
31.490000000000002
31.526
31.618000000000002
31.618000000000002
31.709999999999997
31.728
31.728
31.764000000000003
31.782
31.856
31.892000000000003
31.911
31.911
32.04
32.058
32.077
32.114
32.13199999999999
32.169
32.278999999999996
32.315999999999995
32.315999999999995
32.427
32.463
32.519
32.647999999999996
32.74
32.74
32.869
32.942
32.978
32.978
32.978
32.978
33.107000000000006
33.126000000000005
33.144
33.163000000000004
33.181
33.32599999999999
33.344
33.38099999999999
33.38099999999999
33.398999999999994
33.455
33.565
33.565
33.565
33.695
33.751
33.751
33.751
33.769
33.787
33.806
33.879999999999995
33.897999999999996
34.025999999999996
34.025999999999996
34.063
34.101
34.101
34.101
34.119
34.174
34.247
34.302
34.376
34.394999999999996
34.394999999999996
34.413
34.504000000000005
34.504000000000005
34.578
34.669
34.725
34.762
34.872
34.872
35.017999999999994
35.036
35.036
35.036
35.090999999999994
35.128
35.128
35.221000000000004
35.295
35.295
35.331
35.331
35.36800000000001
35.36800000000001
35.40400000000001
35.51500000000001
35.51500000000001
35.55200000000001
35.55200000000001
35.662
35.717
35.717
35.773
35.827
35.882999999999996
35.919999999999995
35.974
36.047
36.213
36.24999999999999
36.24999999999999
36.28699999999999
36.342999999999996
36.379999999999995
36.379999999999995
36.473
36.491
36.528
36.601
36.619
36.619
36.656
36.729
36.766000000000005
36.766000000000005
36.84
36.932
36.968
37.005
37.042
37.132999999999996
37.132999999999996
37.226000000000006
37.226000000000006
37.299
37.335
37.335
37.335
37.354
37.49900000000001
37.49900000000001
37.49900000000001
37.553999999999995
37.609
37.626999999999995
37.663
37.663
37.755
37.755
37.773999999999994
37.83
37.958
38.01299999999999
38.06999999999999
38.105999999999995
38.142999999999994
38.142999999999994
38.215999999999994
38.272
38.327
38.382
38.437
38.474000000000004
38.511
38.511
38.547999999999995
38.547999999999995
38.583999999999996
38.712999999999994
38.80499999999999
38.82299999999999
38.895999999999994
38.951
38.988
38.988
39.00599999999999
39.116
39.135
39.153
39.172
39.172
39.19
39.227
39.282
39.355
39.373
39.373
39.41
39.483
39.539
39.576
39.632
39.669
39.799
39.799
39.854
39.891000000000005
39.928000000000004
40.019
40.019
40.019
40.037
40.055
40.073
40.147000000000006
40.147000000000006
40.184000000000005
40.239000000000004
40.276
40.313
40.35
40.369
40.479
40.497
40.497
40.533
40.67999999999999
40.67999999999999
40.772000000000006
40.864
40.900999999999996
40.900999999999996
40.992999999999995
41.011
41.011
41.138999999999996
41.175999999999995
41.175999999999995
41.212999999999994
41.24999999999999
41.24999999999999
41.267999999999994
41.267999999999994
41.267999999999994
41.28699999999999
41.30499999999999
41.453
41.471
41.525999999999996
41.582
41.6
41.619
41.672999999999995
41.69199999999999
41.727999999999994
41.783
41.82
41.894
41.912
41.93
41.967
42.040000000000006
42.040000000000006
42.05800000000001
42.05800000000001
42.149
42.260000000000005
42.278000000000006
42.333000000000006
42.371
42.371
42.371
42.408
42.482000000000006
42.519000000000005
42.519000000000005
42.537
42.555
42.555
42.628
42.702999999999996
42.739999999999995
42.795
42.813
42.813
42.90500000000001
42.90500000000001
42.940999999999995
43.033
43.106
43.143
43.236000000000004
43.273
43.366
43.366
43.42100000000001
43.512
43.565999999999995
43.565999999999995
43.565999999999995
43.565999999999995
43.584
43.69499999999999
43.69499999999999
43.69499999999999
43.69499999999999
43.714
43.714
43.769999999999996
43.788
43.843
43.952000000000005
44.007999999999996
44.063
44.063
44.081
44.081
44.081
44.099999999999994
44.119
44.211
44.211
44.302
44.32
44.32
44.356
44.374
44.374
44.501999999999995
44.54
44.576
44.650000000000006
44.669
44.688
44.72500000000001
44.818
44.873000000000005
44.873000000000005
44.891000000000005
44.964999999999996
45.01899999999999
45.01899999999999
45.038
45.056
45.074
45.111
45.111
45.129
45.167
45.312000000000005
45.367000000000004
45.367000000000004
45.367000000000004
45.440000000000005
45.458000000000006
45.496
45.57000000000001
45.64300000000001
45.64300000000001
45.661
45.698
45.863
45.863
45.88100000000001
45.937
45.974000000000004
46.03000000000001
46.03000000000001
46.06600000000001
46.10300000000001
46.139
46.213
46.213
46.269
46.269
46.28699999999999
46.306
46.306
46.379000000000005
46.379000000000005
46.434
46.471
46.48899999999999
46.56299999999999
46.59999999999999
46.59999999999999
46.655
46.708999999999996
46.708999999999996
46.765
46.765
46.765
46.800999999999995
46.857
46.894
46.913
46.949
46.986000000000004
47.041999999999994
47.115
47.133
47.152
47.17100000000001
47.207
47.207
47.243
47.298
47.317
47.335
47.353
47.408
47.408
47.426
47.481
47.481
47.537
47.592
47.61
47.647000000000006
47.666
47.684000000000005
47.702
47.812
47.831
47.849000000000004
47.86800000000001
48.015
48.033
48.07
48.089
48.126
48.162
48.17999999999999
48.19799999999999
48.19799999999999
48.19799999999999
48.233999999999995
48.30799999999999
48.30799999999999
48.30799999999999
48.398999999999994
48.398999999999994
48.416999999999994
48.43599999999999
48.492
48.51
48.528999999999996
48.565999999999995
48.583999999999996
48.638999999999996
48.657
48.694
48.694
48.694
48.731
48.786
48.804
48.878
48.95100000000001
48.96900000000001
49.025000000000006
49.044
49.044
49.044
49.081
49.117000000000004
49.172
49.337999999999994
49.357
49.357
49.357
49.449
49.467
49.486000000000004
49.486000000000004
49.504
49.523
49.56
49.596999999999994
49.67
49.67
49.67
49.67
49.67
49.67
49.67
