8.014000000000001
8.254000000000001
8.309
8.437999999999999
8.53
8.53
8.677999999999999
8.677999999999999
8.733
8.824
8.915
8.952000000000002
9.081
9.318999999999999
9.412
9.447999999999999
9.520999999999999
9.54
9.595999999999998
9.613999999999999
9.668999999999999
9.742999999999999
9.796999999999999
9.925999999999998
9.963
10.094
10.167000000000002
10.222
10.239999999999998
10.239999999999998
10.312999999999999
10.368
10.422999999999998
10.57
10.663
10.773
10.773
10.883
10.993
11.012
11.031
11.031
11.104000000000003
11.14
11.14
11.158000000000001
11.195000000000002
11.269
11.269
11.269
11.379000000000001
11.433000000000003
11.433000000000003
11.490000000000002
11.563
11.563
11.692
11.764
11.764
11.837
11.873999999999999
11.947
11.966
11.985
12.095999999999998
12.095999999999998
12.095999999999998
12.095999999999998
12.15
12.186999999999998
12.204999999999998
12.204999999999998
12.279999999999998
12.279999999999998
12.354
12.354
12.482999999999999
12.501
12.574000000000002
12.629000000000001
12.666000000000002
12.739
12.775
12.847999999999999
12.904000000000002
12.978
13.107
13.124999999999996
13.144
13.199000000000002
13.216999999999999
13.216999999999999
13.216999999999999
13.326999999999998
13.326999999999998
13.326999999999998
13.345999999999998
13.566999999999998
13.566999999999998
13.602999999999998
13.621999999999996
13.694999999999997
13.75
13.767999999999997
13.767999999999997
13.767999999999997
13.767999999999997
13.804999999999998
13.804999999999998
13.822999999999999
13.822999999999999
13.859
13.876999999999999
13.968999999999998
14.005999999999997
14.060999999999998
14.079999999999998
14.153999999999996
14.208999999999998
14.227999999999998
14.246999999999996
14.266
14.302000000000001
14.319999999999999
14.357
14.357
14.538999999999998
14.577000000000002
14.669
14.687000000000001
14.687000000000001
14.705000000000002
14.761
14.761
14.761
14.797
14.797
14.814999999999998
14.889
15.019
15.019
15.074000000000002
15.148000000000001
15.166
15.166
15.221
15.221
15.276000000000002
15.276000000000002
15.349
15.349
15.367
15.367
15.403
15.403
15.421000000000001
15.459
15.607
15.607
15.607
15.607
15.644
15.662
15.662
15.772
15.827000000000002
15.827000000000002
15.827000000000002
15.883
15.938999999999998
15.994
16.031
16.031
16.068
16.068
16.123
16.197
16.288
16.288
16.306
16.360999999999997
16.415
16.415
16.451999999999998
16.47
16.47
16.544
16.544
16.562
16.562
16.618
16.636999999999997
16.636999999999997
16.636999999999997
16.71
16.820999999999998
16.839
16.948999999999998
16.948999999999998
16.985999999999997
17.077999999999996
17.077999999999996
17.113999999999997
17.113999999999997
17.133
17.169
17.169
17.205000000000002
17.259999999999998
17.353
17.371000000000002
17.463
17.554000000000002
17.591
17.628000000000004
17.663999999999998
17.719
17.719
17.719
17.719
17.719
17.738
17.738
17.756
17.794
17.830000000000002
17.884000000000004
18.014000000000003
18.014000000000003
18.07
18.07
18.088
18.107
18.125999999999998
18.144
18.18
18.198
18.198
18.216
18.327000000000005
18.365000000000002
18.494
18.732
18.787
18.805
18.805
18.859999999999996
18.859999999999996
18.951999999999998
18.951999999999998
18.951999999999998
19.025
19.062
19.062
19.099
19.116999999999997
19.173
19.173
19.266
19.339
19.375999999999998
19.503999999999998
19.522
19.522
19.559
19.577
19.577
19.577
19.577
19.614
19.614
19.651
19.744
19.817
19.853999999999996
19.853999999999996
19.853999999999996
19.889999999999997
19.927
19.927
19.927
19.927
19.964
20.019000000000005
20.019000000000005
20.093000000000007
20.111000000000008
20.166000000000004
20.184000000000005
20.202
20.294
20.312
20.349
20.368000000000002
20.532999999999998
20.57
20.717
20.79
20.882
20.937000000000005
20.992000000000004
21.029
21.083000000000002
21.083000000000002
21.194000000000003
21.213
21.232000000000003
21.269000000000002
21.379
21.434
21.434
21.434
21.434
21.452
21.488999999999997
21.488999999999997
21.634999999999998
21.673
21.690999999999995
21.746
21.782
21.855999999999998
21.892999999999997
21.948
22.038999999999998
22.095
22.095
22.131999999999998
22.206
22.206
22.242
22.242
22.242
22.261000000000003
22.299
22.335
22.373
22.446
22.464000000000002
22.482
22.5
22.645999999999997
22.645999999999997
22.720999999999997
22.720999999999997
22.814
22.869999999999997
22.889
22.889
22.926
22.979999999999997
22.979999999999997
22.979999999999997
23.071
23.071
23.089000000000002
23.107
23.198999999999998
23.272
23.362999999999996
23.382
23.382
23.382
23.455
23.509999999999998
23.566
23.622
23.677
23.733
23.899
23.935
24.064
24.064
24.082
24.1
24.118
24.229
24.374999999999996
24.374999999999996
24.392999999999997
24.503999999999998
24.54
24.558999999999997
24.65
24.65
24.688
24.688
24.743999999999996
24.872999999999998
24.891
24.909
24.927
24.963
24.963
25.073
25.127000000000002
25.201
25.201
25.311999999999998
25.348999999999997
25.368
25.368
25.386
25.386
25.459
25.477
25.494999999999997
25.551
25.606
25.606
25.699
25.699
25.735000000000003
25.735000000000003
25.772000000000002
25.809000000000005
25.902000000000005
25.957
25.994
26.085999999999995
26.121999999999996
26.195999999999998
26.321999999999996
26.321999999999996
26.339999999999996
26.432
26.451
26.506999999999998
26.561
26.617
26.708999999999996
26.727999999999998
26.782999999999998
26.837999999999994
26.837999999999994
26.855999999999995
26.855999999999995
26.855999999999995
26.855999999999995
26.910999999999994
27.038999999999998
27.038999999999998
27.057
27.076
27.095
27.113
27.15
27.205000000000002
27.224
27.278999999999996
27.334999999999997
27.389999999999997
27.389999999999997
27.481
27.5
27.519
27.575
27.666000000000004
27.666000000000004
27.666000000000004
27.683999999999997
27.738999999999997
27.849
27.905
27.961000000000002
28.053000000000004
28.053000000000004
28.071000000000005
28.181
28.181
28.217000000000002
28.326999999999998
28.345
28.345
28.363999999999997
28.363999999999997
28.381999999999998
28.437
28.621999999999996
28.677999999999997
28.695999999999998
28.732999999999997
28.897999999999996
28.952999999999996
28.988999999999997
28.988999999999997
29.044999999999998
29.063
29.1
29.1
29.137
29.174
29.193
29.302999999999997
29.357
29.412
29.504
29.578000000000003
29.595999999999997
29.689
29.707
29.725
29.725
29.743000000000002
29.743000000000002
29.762
29.799
29.889999999999997
29.945
29.945
30.056
30.093
30.166000000000004
30.220999999999997
30.256999999999998
30.275
30.275
30.312
30.404000000000003
30.458999999999996
30.551
30.625
30.625
30.644
30.717000000000002
30.754
30.772000000000002
30.790000000000003
30.900000000000006
30.918000000000006
30.956000000000007
30.956000000000007
30.956000000000007
31.01
31.029000000000003
31.101999999999997
31.101999999999997
31.101999999999997
31.157999999999998
31.176
31.268
31.322999999999997
31.433999999999997
31.524999999999995
31.524999999999995
31.561999999999994
31.579999999999995
31.708999999999996
31.764
31.764
31.856
31.892000000000003
31.984
32.002
32.002
32.021
32.077000000000005
32.077000000000005
32.114000000000004
32.187
32.241
32.316
32.352000000000004
32.352000000000004
32.389
32.389
32.481
32.518
32.518
32.591
32.646
32.665000000000006
32.68300000000001
32.795
32.813
32.813
32.831
32.923
32.942
32.96
32.996
33.07000000000001
33.144999999999996
33.144999999999996
33.236999999999995
33.236999999999995
33.309999999999995
33.309999999999995
33.36399999999999
33.437999999999995
33.638999999999996
33.712
33.823
33.86
33.952
33.952
34.025
34.044000000000004
34.044000000000004
34.081
34.209
34.246
34.301
34.301
34.32000000000001
34.339000000000006
34.467000000000006
34.467000000000006
34.467000000000006
34.485
34.521
34.55800000000001
34.63100000000001
34.63100000000001
34.63100000000001
34.63100000000001
34.667
34.704
34.704
34.797000000000004
34.797000000000004
34.797000000000004
34.815000000000005
34.834
34.852000000000004
34.870000000000005
34.870000000000005
34.944
35.018
35.073
35.11
35.312
35.312
35.385000000000005
35.403999999999996
35.403999999999996
35.403999999999996
35.440999999999995
35.533
35.589
35.626
35.67999999999999
35.69799999999999
35.735
35.735
35.827
35.864
35.882
35.992999999999995
36.029999999999994
36.102999999999994
36.157
36.157
36.211999999999996
36.285999999999994
36.285999999999994
36.340999999999994
36.340999999999994
36.397
36.434
36.526
36.526
36.619
36.619
36.656
36.766
36.785
36.839999999999996
36.914
36.914
36.95099999999999
37.004999999999995
37.096999999999994
37.114999999999995
37.207
37.243
37.335
37.353
37.371
37.426
37.44500000000001
37.538000000000004
37.574000000000005
37.574000000000005
37.64800000000001
37.64800000000001
37.703
37.703
37.758
37.813
37.85000000000001
37.85000000000001
37.85000000000001
37.85000000000001
37.85000000000001
37.922000000000004
37.958000000000006
37.977
38.069
38.069
38.14300000000001
38.162000000000006
38.235
38.272000000000006
38.309000000000005
38.327000000000005
38.401
38.586
38.586
38.604
38.64
38.677
38.695
38.824999999999996
38.916999999999994
39.009
39.063
39.117999999999995
39.246
39.246
39.246
39.246
39.265
39.283
39.32000000000001
39.431
39.505
39.523
39.523
39.578
39.633
39.633
39.633
39.669
39.688
39.706
39.779
39.797
39.797
39.815999999999995
39.852999999999994
39.89
39.963
39.981
39.999
39.999
40.11
40.11
40.147000000000006
40.183
40.22
40.276
40.406
40.424
40.459999999999994
40.515
40.55200000000001
40.7
40.7
40.7
40.755
40.755
40.791999999999994
40.828
40.864
40.92
40.993
40.993
41.068
41.105000000000004
41.123000000000005
41.142
41.142
41.142
41.160000000000004
41.233000000000004
41.324000000000005
41.435
41.452999999999996
41.527
41.564
41.6
41.636
41.690999999999995
41.71
41.783
41.801
41.801
41.818999999999996
41.818999999999996
41.837
41.874
41.948
41.948
41.985
42.059000000000005
42.133
42.188
42.315999999999995
42.315999999999995
42.388999999999996
42.388999999999996
42.461999999999996
42.461999999999996
42.480999999999995
42.537
42.592
42.592
42.629
42.684999999999995
42.702999999999996
42.721
42.721
42.775999999999996
42.812999999999995
42.849999999999994
42.922999999999995
42.958999999999996
42.958999999999996
42.958999999999996
42.997
43.015
43.052
43.143
43.198
43.216
43.253
43.253
43.289
43.381
43.474000000000004
43.474000000000004
43.474000000000004
43.474000000000004
43.474000000000004
43.54800000000001
43.62200000000001
43.71500000000001
43.88
43.88
43.935
43.971000000000004
43.971000000000004
43.971000000000004
43.989
44.081
44.081
44.117
44.135
44.172000000000004
44.172000000000004
44.246
44.246
44.246
44.265
44.321000000000005
44.339
44.394
44.449
44.449
44.468
44.524
44.524
44.56
44.596000000000004
44.650999999999996
44.725
44.744
44.8
44.854
44.873000000000005
45.01899999999999
45.01899999999999
45.037
45.074
45.093
45.148
45.257000000000005
45.294000000000004
45.294000000000004
45.294000000000004
45.312
45.330000000000005
45.348
45.367000000000004
45.46000000000001
45.49700000000001
45.57100000000001
45.608000000000004
45.645
45.71900000000001
45.75600000000001
45.811000000000014
45.811000000000014
45.811000000000014
45.883
45.92
45.95700000000001
45.975
45.975
45.975
46.012
46.03
46.066
46.120999999999995
46.138999999999996
46.138999999999996
46.193999999999996
46.339999999999996
46.378
46.396
46.415000000000006
46.415000000000006
46.47
46.48800000000001
46.544
46.581
46.674
46.74699999999999
46.74699999999999
46.74699999999999
46.802
46.81999999999999
46.837999999999994
46.837999999999994
46.912
46.931
46.949999999999996
46.969
47.024
47.098
47.152
47.152
47.243
47.261
47.261
47.315999999999995
47.333999999999996
47.37
47.388
47.388
47.407
47.462
47.499
47.553999999999995
47.57299999999999
47.61
47.683
47.775
47.867000000000004
47.867000000000004
47.867000000000004
47.923
47.997
48.05200000000001
48.07000000000001
48.08800000000001
48.08800000000001
48.08800000000001
48.10600000000001
48.179
48.216
48.235
48.345000000000006
48.345000000000006
48.345000000000006
48.400000000000006
48.418000000000006
48.492000000000004
48.52900000000001
48.584
48.676
48.694
48.694
48.694
48.713
48.713
48.713
48.75
48.787
48.861000000000004
48.897
48.916
48.96999999999999
48.96999999999999
49.044
49.062999999999995
49.099999999999994
49.13699999999999
49.17399999999999
49.17399999999999
49.209999999999994
49.209999999999994
49.247
49.35699999999999
49.413
49.522
49.541
49.613
49.65
