9.082
9.815999999999999
10.809999999999999
11.248000000000001
11.872
12.72
13.384
13.969999999999999
14.818000000000001
15.404
16.029999999999998
16.357999999999997
17.060000000000002
17.683999999999997
18.381999999999998
18.788
19.45
20.036
20.552
21.028
21.766000000000002
22.465999999999998
22.944
23.564
23.897999999999996
24.336000000000002
24.926
25.44
25.919999999999998
26.651999999999997
27.060000000000002
27.647999999999996
27.868000000000002
28.419999999999998
28.972
29.266
29.634000000000004
29.964
30.327999999999996
30.7
30.919999999999998
31.324
31.433999999999997
31.802
32.06
32.428000000000004
32.65
32.83200000000001
33.2
33.458000000000006
33.602000000000004
33.786
33.86
34.007999999999996
34.116
34.30200000000001
34.45
34.524
34.742
34.815999999999995
35.038
35.182
35.292
35.476
35.624
35.772
35.882000000000005
35.954
36.065999999999995
36.176
36.286
36.36
36.468
36.544000000000004
36.656000000000006
36.727999999999994
36.727999999999994
36.8
36.8
36.876
36.94799999999999
37.022
37.096
37.096
37.17
37.17
37.278000000000006
37.354
37.39
37.462
37.462
37.462
37.61
37.718
37.83
38.016000000000005
38.052
38.160000000000004
38.198
38.346000000000004
38.45399999999999
38.566
38.566
38.566
38.678
38.678
38.788
38.898
38.934
39.044
39.118
39.154
39.226
39.3
39.376
39.45
39.45
39.522
39.632
39.668
39.668
39.778000000000006
39.816
39.928000000000004
39.928000000000004
39.928000000000004
39.964
39.964
39.964
40.0
40.0
40.038
40.038
40.038
40.074
40.074
40.074
40.186
40.186
40.294
40.366
40.366
40.442
40.513999999999996
40.55
40.588
40.772000000000006
40.808
40.846
40.846
40.882
40.92
40.956
40.956
40.992000000000004
41.03
41.068
41.104
41.104
41.104
41.104
41.104
41.104
41.104
41.14
41.14
41.14
41.14
41.14
41.14
41.14
41.176
41.176
41.212
41.212
41.212
41.25
41.25
41.286
41.286
41.321999999999996
41.396
41.396
41.47
41.544
41.544
41.544
41.544
41.544
41.58
41.58
41.58
41.58
41.618
41.656
41.656
41.727999999999994
41.727999999999994
41.727999999999994
41.766
41.838
41.876000000000005
41.876000000000005
41.912000000000006
41.912000000000006
41.912000000000006
41.986000000000004
42.022000000000006
42.022000000000006
42.022000000000006
42.022000000000006
42.022000000000006
42.022000000000006
42.05800000000001
42.05800000000001
42.05800000000001
42.05800000000001
42.05800000000001
42.094
42.13
42.168
42.168
42.242000000000004
42.242000000000004
42.242000000000004
42.31400000000001
42.31400000000001
42.352000000000004
42.352000000000004
42.426
42.462
42.462
42.498000000000005
42.498000000000005
42.498000000000005
42.498000000000005
42.498000000000005
42.498000000000005
42.498000000000005
42.498000000000005
42.498000000000005
42.498000000000005
42.536
42.61
42.61
42.682
42.682
42.72
42.756
42.756
42.792
42.792
42.83
42.83
42.83
42.83
42.866
42.866
42.866
42.866
42.904
43.052
43.088
43.088
43.088
43.124
43.124
43.124
43.124
43.160000000000004
43.196000000000005
43.196000000000005
43.196000000000005
43.196000000000005
43.234
43.234
43.269999999999996
43.342
43.342
43.418
43.418
43.418
43.418
43.418
43.418
43.418
43.45399999999999
43.45399999999999
43.45399999999999
43.492000000000004
43.492000000000004
43.564
43.564
43.602
43.602
43.602
43.64
43.64
43.64
43.676
43.676
43.714
43.714
43.75
43.75
43.75
43.75
43.824
43.862
43.898
43.970000000000006
43.970000000000006
44.082
44.118
44.118
44.118
44.118
44.154
44.154
44.154
44.154
44.154
44.192
44.192
44.192
44.228
44.228
44.263999999999996
44.263999999999996
44.263999999999996
44.263999999999996
44.263999999999996
44.374
44.45
44.45
44.45
44.45
44.45
44.45
44.45
44.45
44.45
44.45
44.45
44.45
44.45
44.45
44.486
44.486
44.486
44.52199999999999
44.52199999999999
44.52199999999999
44.52199999999999
44.52199999999999
44.52199999999999
44.52199999999999
44.52199999999999
44.52199999999999
44.52199999999999
44.52199999999999
44.55999999999999
44.55999999999999
44.55999999999999
44.59599999999999
44.59599999999999
44.634
44.708000000000006
44.708000000000006
44.708000000000006
44.74399999999999
44.74399999999999
44.74399999999999
44.74399999999999
44.74399999999999
44.74399999999999
44.74399999999999
44.74399999999999
44.74399999999999
44.779999999999994
44.779999999999994
44.854
44.926
44.926
44.926
44.926
44.926
44.926
44.926
44.926
44.926
44.964
44.964
45.0
45.036
45.074
45.11
45.146
45.146
45.220000000000006
45.220000000000006
45.220000000000006
45.220000000000006
45.220000000000006
45.220000000000006
45.25600000000001
45.25600000000001
45.25600000000001
45.25600000000001
45.25600000000001
45.291999999999994
45.291999999999994
45.291999999999994
45.291999999999994
45.291999999999994
45.291999999999994
45.291999999999994
45.291999999999994
45.291999999999994
45.291999999999994
45.291999999999994
45.291999999999994
45.291999999999994
45.291999999999994
45.291999999999994
45.291999999999994
45.291999999999994
45.291999999999994
45.291999999999994
45.291999999999994
45.291999999999994
45.327999999999996
45.366
45.366
45.366
45.366
45.366
45.403999999999996
45.403999999999996
45.403999999999996
45.403999999999996
45.403999999999996
45.403999999999996
45.403999999999996
45.403999999999996
45.403999999999996
45.403999999999996
45.403999999999996
45.44
45.44
45.44
45.44
45.476
45.476
45.513999999999996
45.513999999999996
45.55200000000001
45.55200000000001
45.55200000000001
45.55200000000001
45.55200000000001
45.55200000000001
45.55200000000001
45.55200000000001
45.55200000000001
45.588
45.588
45.588
45.588
45.588
45.588
45.588
45.588
45.588
45.588
45.588
45.588
45.588
45.588
45.588
45.588
45.588
45.626
45.626
45.626
45.626
45.664
45.664
45.664
45.664
45.664
45.664
45.664
45.664
45.7
45.7
45.736000000000004
45.736000000000004
45.736000000000004
45.736000000000004
45.736000000000004
45.736000000000004
45.774
45.774
45.774
45.774
45.774
45.774
45.774
45.774
45.774
45.774
45.774
45.774
45.774
45.774
45.774
45.774
45.774
45.774
45.774
45.774
45.774
45.774
45.774
45.774
45.774
45.774
45.774
45.774
45.774
45.774
45.809999999999995
45.809999999999995
45.809999999999995
45.809999999999995
45.809999999999995
45.809999999999995
45.809999999999995
45.848
45.848
45.848
45.958
45.958
45.958
45.958
46.032
46.032
46.032
46.032
46.032
46.032
46.032
46.032
46.104
46.141999999999996
46.141999999999996
46.141999999999996
46.178
46.214
46.214
46.214
46.214
46.214
46.25
46.25
46.25
46.25
46.25
46.25
46.25
46.25
46.25
46.25
46.25
46.25
46.285999999999994
46.285999999999994
46.321999999999996
46.321999999999996
46.321999999999996
46.321999999999996
46.321999999999996
46.321999999999996
46.321999999999996
46.321999999999996
46.321999999999996
46.321999999999996
46.321999999999996
46.321999999999996
46.321999999999996
46.321999999999996
46.321999999999996
46.321999999999996
46.321999999999996
46.321999999999996
46.321999999999996
46.321999999999996
46.321999999999996
46.321999999999996
46.321999999999996
46.321999999999996
46.321999999999996
46.321999999999996
46.321999999999996
46.36
46.36
46.396
46.396
46.396
46.396
46.396
46.396
46.396
46.396
46.396
46.396
46.396
46.396
46.396
46.434
46.47
46.544
46.544
46.544
46.582
46.62
46.62
46.62
46.62
46.62
46.62
46.62
46.62
46.62
46.694
46.694
46.694
46.694
46.732
46.768
46.768
46.803999999999995
46.839999999999996
46.876
46.876
46.876
46.876
46.876
46.876
46.914
46.914
46.914
46.914
46.914
46.914
46.914
46.914
46.914
46.914
46.914
46.914
46.914
46.914
46.914
46.914
46.95
46.95
46.988
46.988
46.988
47.024
47.062
47.062
47.062
47.062
47.062
47.062
47.062
47.062
47.062
47.062
47.062
47.098
47.098
47.098
47.098
47.098
47.098
47.098
47.098
47.098
47.134
47.134
47.134
47.134
47.134
47.134
47.134
47.134
47.134
47.134
47.134
47.17
47.17
47.17
47.17
47.17
47.17
47.206
47.206
47.206
47.206
47.242000000000004
47.242000000000004
47.242000000000004
47.278000000000006
47.278000000000006
47.278000000000006
47.278000000000006
47.278000000000006
47.278000000000006
47.278000000000006
47.278000000000006
47.278000000000006
47.278000000000006
47.278000000000006
47.31400000000001
47.31400000000001
47.31400000000001
47.31400000000001
47.31400000000001
47.31400000000001
47.31400000000001
47.31400000000001
47.31400000000001
47.31400000000001
47.31400000000001
47.31400000000001
47.31400000000001
47.31400000000001
47.31400000000001
47.31400000000001
47.31400000000001
47.31400000000001
47.31400000000001
47.31400000000001
47.31400000000001
47.31400000000001
47.31400000000001
47.31400000000001
47.31400000000001
47.31400000000001
47.31400000000001
47.31400000000001
47.31400000000001
47.31400000000001
47.31400000000001
47.31400000000001
47.31400000000001
47.31400000000001
47.31400000000001
47.31400000000001
47.31400000000001
47.31400000000001
47.31400000000001
47.31400000000001
47.31400000000001
47.31400000000001
47.352000000000004
47.352000000000004
47.352000000000004
47.352000000000004
47.352000000000004
47.352000000000004
47.352000000000004
47.352000000000004
47.352000000000004
47.352000000000004
47.352000000000004
47.352000000000004
47.352000000000004
47.352000000000004
47.352000000000004
47.352000000000004
47.352000000000004
47.352000000000004
47.352000000000004
47.352000000000004
47.352000000000004
47.352000000000004
47.352000000000004
47.352000000000004
47.426
47.498000000000005
47.498000000000005
47.498000000000005
47.498000000000005
47.498000000000005
47.534000000000006
47.534000000000006
47.534000000000006
47.534000000000006
47.534000000000006
47.534000000000006
47.534000000000006
47.572
47.61
47.61
47.646
47.646
47.646
47.646
47.646
47.646
47.646
47.646
47.646
47.646
47.646
47.646
47.646
47.646
47.646
47.646
47.646
47.684000000000005
47.722
47.722
47.722
47.722
47.722
47.79600000000001
47.79600000000001
47.832
47.832
47.832
47.867999999999995
47.867999999999995
47.867999999999995
47.867999999999995
47.867999999999995
47.867999999999995
47.867999999999995
47.867999999999995
47.903999999999996
47.903999999999996
47.903999999999996
47.903999999999996
47.903999999999996
47.903999999999996
47.903999999999996
47.903999999999996
47.903999999999996
47.903999999999996
47.903999999999996
47.903999999999996
47.903999999999996
47.903999999999996
47.903999999999996
47.903999999999996
47.903999999999996
47.903999999999996
47.903999999999996
47.903999999999996
47.903999999999996
47.903999999999996
47.903999999999996
47.903999999999996
47.903999999999996
47.903999999999996
47.903999999999996
47.903999999999996
47.903999999999996
47.903999999999996
47.903999999999996
47.903999999999996
47.903999999999996
47.903999999999996
47.903999999999996
47.94
47.94
47.94
47.94
47.94
47.94
47.94
48.05
48.05
48.05
48.05
48.05
48.05
48.086
48.086
48.086
48.124
48.124
48.124
48.16
48.16
48.16
48.16
48.16
48.16
48.16
48.16
48.196
48.196
48.196
48.196
48.196
48.196
48.196
48.196
48.196
48.233999999999995
48.233999999999995
48.233999999999995
48.233999999999995
48.269999999999996
48.308
48.308
48.308
48.308
48.308
48.308
48.308
48.308
48.308
48.308
48.308
48.308
48.308
48.308
48.346
48.346
48.346
48.346
48.346
48.346
48.346
48.346
48.346
48.346
48.346
48.384
48.422
48.422
48.422
48.422
48.494
48.494
48.568
48.568
48.568
48.568
48.568
48.568
48.568
48.568
48.568
48.568
48.568
48.568
48.568
48.568
48.568
48.568
48.568
48.568
48.568
48.568
48.568
48.568
48.568
48.568
48.568
48.568
48.604
48.604
48.604
48.604
48.604
48.604
48.64
48.676
48.676
48.676
48.676
48.676
48.676
48.676
48.676
48.676
48.676
48.676
48.676
48.676
48.712
