8.09
8.09
8.64
9.19
9.19
10.29
10.29
10.29
10.29
10.29
10.29
10.29
10.29
10.29
10.29
11.03
11.03
11.03
11.03
11.03
11.03
11.03
11.58
11.58
11.58
11.58
11.58
11.58
12.13
12.13
12.13
12.13
12.13
12.13
12.13
12.32
12.5
12.5
12.5
12.87
12.87
13.05
13.05
13.42
13.6
13.6
13.6
13.6
13.97
13.97
13.97
13.97
13.97
13.97
13.97
14.15
14.15
14.34
14.34
14.34
14.34
14.34
14.89
14.89
14.89
14.89
14.89
14.89
15.26
15.26
15.26
15.26
15.26
15.26
15.26
15.26
15.26
15.99
15.99
15.99
16.36
16.36
16.36
16.36
16.36
16.36
16.36
16.36
16.54
16.54
16.91
17.1
17.1
17.28
17.28
17.28
17.28
17.28
17.46
17.46
17.46
17.46
17.83
17.83
17.83
17.83
17.83
17.83
17.83
18.01
18.75
18.75
19.49
19.49
19.49
19.49
19.49
19.49
19.67
19.67
19.67
20.04
20.04
20.04
20.04
20.04
20.04
20.04
20.22
20.4
20.4
20.4
20.4
20.4
20.96
20.96
21.32
21.32
21.51
21.69
21.69
22.24
22.24
22.24
22.24
22.24
22.61
22.98
22.98
22.98
22.98
22.98
23.16
23.16
23.71
23.71
23.71
23.71
24.08
24.08
24.08
24.08
24.26
24.45
24.45
24.63
24.82
25.37
25.37
25.37
25.37
25.37
25.37
25.37
25.37
25.37
25.74
25.74
25.74
25.74
25.74
26.29
26.84
26.84
26.84
26.84
26.84
27.02
27.02
27.02
27.21
27.21
27.39
27.39
27.39
27.39
27.94
27.94
27.94
27.94
27.94
27.94
27.94
28.49
28.86
28.86
28.86
29.04
29.04
29.04
29.04
29.6
29.6
29.6
29.6
29.6
29.6
29.6
29.78
29.78
30.15
30.51
30.51
30.51
30.51
30.51
30.7
30.7
30.7
30.7
31.07
31.07
31.25
31.62
31.62
31.99
31.99
31.99
31.99
32.17
32.17
32.17
32.35
32.35
32.72
32.9
33.46
33.46
33.46
33.46
33.46
33.46
33.46
34.01
34.01
34.38
34.38
34.38
34.38
34.56
34.93
34.93
34.93
35.11
35.11
35.11
35.11
35.29
35.29
35.29
35.29
35.85
35.85
35.85
36.03
36.03
36.03
36.03
36.21
36.21
36.21
36.58
36.58
36.58
36.58
36.58
37.5
37.5
37.5
38.05
38.05
38.05
38.05
38.05
38.42
38.42
38.42
38.42
38.42
38.42
38.97
38.97
39.34
39.34
39.34
39.34
39.34
39.52
39.52
39.52
39.52
39.52
40.44
40.44
40.44
40.44
40.44
40.44
40.44
40.44
40.44
40.63
40.63
40.81
40.81
40.81
41.18
41.36
41.36
41.36
41.36
41.36
41.73
41.73
41.73
41.91
41.91
41.91
42.1
42.1
42.1
42.1
42.46
42.46
42.46
42.65
42.65
42.65
42.65
42.65
42.83
42.83
42.83
43.01
43.57
43.57
43.57
43.57
43.57
43.57
43.93
43.93
43.93
44.12
44.12
44.12
44.3
44.3
44.3
44.3
44.3
44.49
44.49
44.49
44.85
44.85
44.85
45.22
45.22
45.4
45.4
45.4
45.4
45.4
45.4
45.4
45.59
45.59
45.59
45.59
45.77
45.96
45.96
45.96
45.96
45.96
46.14
46.32
46.32
46.32
46.51
46.51
46.51
46.69
46.69
46.88
46.88
47.06
47.06
47.06
47.06
47.24
47.24
47.24
47.24
47.43
47.43
47.61
47.61
47.61
47.61
47.61
47.61
47.61
48.16
48.16
48.16
48.16
48.16
48.16
48.16
48.35
48.35
48.35
48.35
48.53
48.53
48.71
48.71
48.9
48.9
48.9
48.9
48.9
48.9
48.9
49.08
49.08
49.26
49.26
49.45
49.45
49.45
49.63
49.63
49.63
49.63
49.63
49.63
49.63
49.63
49.63
49.63
49.82
49.82
49.82
49.82
49.82
50.0
50.0
50.0
50.0
50.0
50.18
50.18
50.18
50.18
50.18
50.18
50.37
50.55
50.55
50.55
50.55
50.55
50.55
50.55
50.55
50.74
50.74
50.74
50.92
50.92
51.1
51.1
51.1
51.29
51.29
51.29
51.29
51.29
51.47
51.47
51.47
51.65
51.65
51.65
51.65
51.65
51.65
51.65
51.84
51.84
51.84
51.84
51.84
51.84
51.84
51.84
51.84
51.84
51.84
51.84
51.84
51.84
51.84
51.84
51.84
51.84
51.84
51.84
51.84
51.84
51.84
51.84
51.84
51.84
51.84
51.84
51.84
51.84
51.84
51.84
51.84
51.84
51.84
51.84
51.84
51.84
51.84
51.84
51.84
52.21
52.21
52.21
52.21
52.21
52.21
52.21
52.21
52.21
52.21
52.21
52.21
52.21
52.21
52.21
52.21
52.21
52.21
52.21
52.21
52.39
52.39
52.39
52.39
52.39
52.39
52.39
52.39
52.39
52.57
52.57
52.57
52.57
52.57
52.57
52.57
52.57
52.57
52.57
52.57
52.57
52.57
52.57
52.57
52.57
52.57
52.57
52.57
52.57
52.57
52.57
52.57
52.57
52.57
52.57
52.57
52.57
52.57
52.57
52.57
52.57
52.57
52.57
52.57
52.57
52.57
52.57
52.57
52.57
52.57
52.57
52.57
52.57
52.57
52.57
52.57
52.57
52.57
52.57
52.57
52.57
52.57
52.57
52.57
52.57
52.57
52.57
52.57
52.57
52.57
52.57
52.57
52.57
52.57
52.57
52.57
52.57
52.57
52.57
52.57
52.57
52.57
52.57
52.57
52.57
52.57
52.57
52.57
52.57
52.57
52.57
52.57
52.57
52.57
52.57
52.57
52.57
52.57
52.57
52.57
52.57
52.57
52.57
52.57
52.57
52.57
52.57
52.57
52.57
52.57
52.57
52.57
52.57
52.57
52.57
52.57
52.57
52.57
52.57
52.57
52.57
52.57
52.57
52.57
52.57
52.57
52.57
52.57
52.57
52.57
52.57
52.57
52.57
52.57
52.57
52.57
52.57
52.57
52.76
52.76
52.76
52.76
52.76
52.76
52.76
52.76
52.76
52.76
52.76
52.76
52.76
52.76
52.76
52.76
52.76
52.76
52.76
52.76
53.13
53.13
53.13
53.13
53.13
53.13
53.13
53.13
53.13
53.13
53.13
53.13
53.13
53.13
53.13
53.13
53.13
53.13
53.13
53.13
53.13
53.13
53.13
53.13
53.13
53.13
53.13
53.13
53.13
53.13
53.13
53.13
53.13
53.13
53.13
53.13
53.13
53.13
53.13
53.13
53.13
53.13
53.13
53.13
53.13
53.13
53.13
53.13
53.13
53.13
53.13
53.13
53.13
53.13
53.13
53.13
53.13
53.13
53.13
53.13
53.13
53.13
53.13
53.13
53.31
53.31
53.31
53.31
53.31
53.31
53.31
53.31
53.31
53.31
53.31
53.31
53.31
53.31
53.31
53.31
53.31
53.31
53.31
53.31
53.31
53.31
53.31
53.31
53.31
53.31
53.31
53.31
53.31
53.31
53.31
53.31
53.31
53.31
53.31
53.31
53.31
53.31
53.31
53.31
53.31
53.31
53.31
53.31
53.31
53.31
53.31
53.31
53.49
53.49
53.49
53.49
53.49
53.49
53.49
53.49
53.49
53.49
53.49
53.49
53.49
53.49
53.49
53.49
53.49
53.49
53.49
53.49
53.49
53.49
53.49
53.49
53.49
53.49
53.49
53.49
53.49
53.49
53.49
53.49
53.49
53.49
53.49
53.49
53.49
53.49
53.49
53.49
53.49
53.49
53.49
53.49
53.49
53.49
53.49
53.49
53.49
53.49
53.49
53.49
53.49
53.49
53.49
53.49
53.49
53.49
53.49
53.49
53.49
53.49
53.49
53.49
53.49
53.49
53.49
53.49
53.49
53.49
53.49
53.49
53.49
53.49
53.49
53.49
53.49
53.49
53.49
53.49
53.49
53.49
53.49
53.49
53.49
53.49
53.49
53.49
53.49
53.49
53.49
53.49
53.86
53.86
53.86
53.86
53.86
53.86
53.86
53.86
53.86
53.86
53.86
53.86
53.86
53.86
53.86
53.86
53.86
53.86
53.86
53.86
53.86
53.86
53.86
53.86
53.86
53.86
53.86
53.86
53.86
53.86
53.86
53.86
53.86
53.86
53.86
53.86
53.86
53.86
53.86
53.86
53.86
54.23
54.23
54.23
54.23
54.23
54.23
54.23
54.23
54.23
54.23
54.23
54.23
54.23
54.23
54.23
54.23
54.23
54.23
54.23
54.23
54.23
54.23
54.23
54.23
54.23
54.23
54.23
54.23
54.23
54.23
54.23
54.23
54.23
54.23
54.23
54.23
54.23
54.23
54.23
54.23
54.23
54.23
54.23
54.23
54.23
54.23
54.23
54.23
54.23
54.23
54.23
54.23
54.23
54.23
54.23
54.23
54.23
54.23
54.23
54.23
54.23
54.23
54.23
54.23
54.23
54.23
54.23
54.23
54.23
54.23
54.23
54.23
54.23
54.23
54.23
54.23
54.23
54.23
54.23
54.23
54.23
54.23
54.23
54.23
54.23
54.23
54.23
54.23
54.23
54.23
54.23
54.23
54.23
54.23
54.23
54.23
54.23
54.23
54.23
54.23
54.23
54.23
54.23
54.23
54.23
54.23
54.23
54.23
54.23
54.23
54.23
54.23
54.23
54.23
54.23
54.23
54.23
54.23
54.23
54.23
54.23
54.23
54.23
54.23
54.23
54.23
54.23
54.23
54.23
54.23
54.23
54.23
54.23
54.23
54.23
54.23
54.23
54.23
54.23
54.23
54.23
54.23
54.23
54.23
54.23
54.23
54.23
54.23
54.23
54.23
54.23
54.23
54.23
54.23
54.23
54.23
54.23
54.23
54.23
54.23
54.23
54.23
54.23
54.23
54.23
54.23
54.23
54.23
54.23
54.23
54.23
54.23
54.23
54.23
54.23
54.23
54.23
54.23
54.23
54.23
54.23
54.23
54.23
54.23
54.23
54.23
54.23
54.23
54.23
54.23
54.23
54.23
54.23
54.23
54.23
54.23
54.23
54.23
54.23
54.23
54.23
54.23
54.23
54.23
54.23
54.23
54.23
54.23
54.23
54.23
54.23
54.23
54.23
54.23
54.23
54.23
54.23
54.23
54.23
54.41
54.41
54.41
54.41
54.41
54.41
54.41
54.41
54.41
54.41
54.41
54.41
54.41
54.41
54.41
54.41
54.41
54.41
54.41
54.41
54.41
54.41
54.41
54.41
54.41
54.41
54.41
54.41
54.41
54.41
54.41
54.41
54.41
54.41
54.41
54.41
54.41
54.41
54.41
54.41
54.41
54.41
54.41
54.41
54.41
54.41
54.41
54.41
54.41
54.41
54.41
54.41
54.41
54.41
54.41
54.41
54.41
54.41
54.41
54.41
54.41
54.41
54.41
54.41
54.41
54.41
54.41
54.41
54.41
54.41
54.41
54.41
54.41
54.41
54.41
54.41
54.41
54.41
54.41
54.41
54.41
54.41
54.41
54.41
54.41
54.41
54.41
54.41
54.41
54.41
54.41
54.41
54.41
54.41
54.41
54.6
54.6
54.6
54.6
54.6
54.6
54.6
54.6
54.6
54.6
54.6
54.6
54.6
54.6
54.6
54.6
54.6
54.6
54.6
54.6
54.6
54.6
54.6
54.6
54.6
54.6
54.6
54.6
54.6
54.6
54.6
54.6
54.6
54.6
54.6
54.6
54.6
54.6
54.6
54.6
54.6
54.6
54.6
54.6
54.6
54.6
54.6
54.6
54.6
54.6
54.6
54.6
54.6
54.6
54.6
54.6
54.6
54.6
54.6
54.6
54.6
54.6
54.6
54.6
54.6
54.6
54.6
54.6
54.6
54.6
54.6
54.6
54.6
54.6
54.6
54.6
54.6
54.6
54.6
54.6
54.6
54.6
54.6
54.6
54.6
54.6
54.6
54.6
54.6
54.6
54.6
54.6
54.6
54.6
54.6
54.6
54.6
54.6
54.6
54.6
54.6
54.6
54.6
54.6
54.6
54.6
54.6
54.6
54.6
54.6
54.6
54.6
54.6
54.6
54.6
54.6
54.6
54.6
54.6
54.6
54.6
54.6
54.6
54.6
54.6
54.6
54.6
54.6
54.6
54.6
54.6
54.6
54.6
54.6
54.6
54.6
54.6
54.6
54.6
54.6
54.6
54.6
54.6
54.6
54.6
54.6
54.6
54.6
54.6
54.6
54.6
54.6
54.6
54.6
54.6
54.6
54.6
54.6
54.6
54.6
54.6
54.6
54.6
54.6
54.6
54.6
54.6
54.6
54.6
54.6
54.6
54.6
54.6
54.6
54.6
54.6
54.6
54.6
54.6
54.6
54.6
54.6
54.6
54.6
54.6
54.6
54.6
54.6
54.6
54.6
54.6
54.6
54.6
54.6
54.6
54.6
54.6
54.6
54.6
54.6
54.6
54.6
54.6
54.6
54.6
54.6
54.6
54.6
54.6
54.6
54.6
54.6
54.6
54.6
54.6
54.6
54.6
54.6
54.6
54.6
54.6
54.6
54.6
54.6
54.6
54.6
54.6
54.6
54.6
54.6
54.6
54.6
54.6
54.6
54.6
54.6
54.6
54.6
54.6
54.6
54.6
54.6
54.6
54.6
54.6
54.6
54.6
54.6
54.6
54.6
54.6
54.6
54.6
54.6
54.6
54.6
54.6
54.6
54.6
54.6
54.6
54.6
54.6
54.6
54.6
54.6
54.6
54.6
54.6
54.6
54.6
54.6
54.6
54.6
54.6
54.6
54.6
54.6
54.6
54.6
54.6
54.6
54.6
54.6
54.6
54.6
54.6
54.6
54.6
54.6
54.6
54.6
54.6
54.6
54.6
54.6
54.6
54.6
54.6
54.6
54.6
54.6
54.6
54.6
54.6
54.6
54.6
54.6
54.6
54.6
54.6
54.6
54.6
54.6
54.6
54.6
54.6
54.6
54.6
54.6
54.6
54.6
54.6
54.6
54.6
54.6
54.6
54.6
54.6
54.6
54.6
54.6
54.6
54.6
54.6
54.6
54.6
54.6
54.6
54.6
54.6
54.6
54.6
54.6
54.6
54.6
54.6
54.6
54.6
54.6
54.6
54.6
54.6
54.6
54.6
54.6
54.6
54.6
54.6
54.6
54.6
54.6
54.6
54.6
54.6
54.6
54.6
54.6
54.6
54.6
54.6
54.6
54.6
54.6
54.6
54.6
54.6
54.6
54.6
54.6
54.6
54.6
54.6
54.6
54.6
54.6
54.6
54.6
54.6
54.6
54.6
54.6
54.6
54.6
54.6
54.6
54.6
54.6
54.6
54.6
54.6
54.6
54.6
54.6
54.6
54.6
54.6
54.6
54.6
54.6
54.6
54.6
54.6
54.6
54.6
54.6
54.6
54.6
54.6
54.6
54.6
54.6
54.6
54.6
54.6
54.6
54.6
54.6
54.6
54.6
54.6
54.6
54.6
54.6
54.6
54.6
54.6
54.6
54.6
54.6
54.6
54.6
54.6
54.6
54.6
54.6
54.6
54.6
54.6
54.6
54.6
54.6
54.6
54.6
54.6
54.6
54.6
54.6
54.6
54.6
54.6
54.6
54.6
54.6
54.6
54.6
54.6
54.6
54.6
54.6
54.6
54.6
54.6
54.6
54.6
54.6
54.6
54.6
54.6
54.6
54.6
54.6
54.6
54.6
54.6
54.6
54.6
54.6
54.6
54.6
54.6
54.6
54.6
54.6
54.6
54.6
54.6
54.6
54.6
54.6
54.6
54.6
54.6
54.6
54.6
54.6
54.6
54.6
54.6
54.6
54.6
54.6
54.6
54.6
54.6
54.6
54.6
54.6
54.6
54.6
54.6
54.6
54.6
54.6
54.6
54.6
54.6
54.6
54.6
54.6
54.78
54.78
54.78
54.78
54.78
54.78
54.78
54.78
54.78
54.78
54.78
54.78
54.78
54.78
54.78
54.78
54.78
54.78
54.78
54.78
54.78
54.78
54.78
54.78
54.78
54.78
54.78
54.78
54.78
54.78
54.78
54.78
54.78
54.78
54.78
54.78
54.78
54.78
54.78
54.78
54.78
54.78
54.78
54.78
54.78
54.78
54.78
54.78
54.78
54.78
54.78
54.78
54.78
54.78
54.78
54.78
54.78
54.78
54.78
54.78
54.78
54.78
54.78
54.78
54.78
54.78
54.78
54.78
54.78
54.78
54.78
54.78
54.78
54.78
54.78
54.78
54.78
54.78
54.78
54.78
54.78
54.78
54.78
54.78
54.78
54.78
54.78
54.78
54.78
54.78
54.78
54.78
54.78
54.78
54.78
54.78
54.78
54.78
54.78
54.78
54.78
54.78
54.78
54.78
54.78
54.78
54.78
54.78
54.78
54.78
54.78
54.78
54.78
54.78
54.78
54.78
54.78
54.78
54.78
54.78
54.78
54.78
54.78
54.78
54.78
54.78
54.78
54.78
54.78
54.78
54.78
54.78
54.78
54.78
54.78
54.78
54.78
54.96
54.96
54.96
54.96
54.96
54.96
54.96
54.96
54.96
54.96
54.96
54.96
54.96
54.96
54.96
54.96
54.96
54.96
54.96
54.96
54.96
54.96
54.96
54.96
54.96
54.96
54.96
54.96
54.96
54.96
54.96
54.96
54.96
54.96
54.96
54.96
54.96
54.96
54.96
54.96
54.96
54.96
54.96
54.96
