8.254000000000001
8.732000000000001
9.209999999999999
9.76
10.129
10.439999999999998
11.029
11.414000000000001
11.709999999999999
12.114999999999998
12.572999999999999
12.905000000000001
13.421000000000001
13.822999999999999
14.245000000000001
14.558000000000002
14.964999999999998
15.388
15.661000000000001
16.066000000000003
16.378999999999998
16.709
17.153
17.663999999999998
17.922
18.199999999999996
18.638
19.064
19.247000000000003
19.502
20.000000000000004
20.184000000000005
20.531
20.753999999999998
21.103
21.545
21.709
22.133
22.425999999999995
22.608999999999998
22.96
23.18
23.401000000000003
23.621
23.841999999999995
24.079
24.246999999999996
24.505
24.597
24.723
24.889000000000003
25.037000000000003
25.184000000000005
25.331
25.459000000000003
25.552000000000003
25.607000000000006
25.681000000000004
25.773000000000007
25.84700000000001
25.920000000000005
25.993000000000006
26.084000000000003
26.103
26.121000000000002
26.158000000000005
26.233000000000004
26.251000000000005
26.288000000000004
26.306
26.325000000000006
26.343
26.343
26.398000000000003
26.398000000000003
26.417
26.417
26.417
26.417
26.435000000000002
26.435000000000002
26.435000000000002
26.435000000000002
26.435000000000002
26.435000000000002
26.435000000000002
26.435000000000002
26.435000000000002
26.435000000000002
26.435000000000002
26.435000000000002
26.435000000000002
26.435000000000002
26.435000000000002
26.435000000000002
26.435000000000002
26.435000000000002
26.435000000000002
26.435000000000002
26.435000000000002
26.435000000000002
26.435000000000002
26.435000000000002
26.435000000000002
26.435000000000002
26.435000000000002
26.435000000000002
26.435000000000002
26.435000000000002
26.435000000000002
26.435000000000002
26.435000000000002
26.435000000000002
26.435000000000002
26.435000000000002
26.435000000000002
26.435000000000002
26.435000000000002
26.435000000000002
26.435000000000002
26.435000000000002
26.435000000000002
26.435000000000002
26.435000000000002
26.435000000000002
26.435000000000002
26.435000000000002
26.435000000000002
26.435000000000002
26.435000000000002
26.435000000000002
26.435000000000002
26.435000000000002
26.435000000000002
26.435000000000002
26.435000000000002
26.435000000000002
26.435000000000002
26.435000000000002
26.435000000000002
26.435000000000002
26.435000000000002
26.435000000000002
26.435000000000002
26.435000000000002
26.435000000000002
26.435000000000002
26.435000000000002
26.435000000000002
26.435000000000002
26.435000000000002
26.435000000000002
26.435000000000002
26.435000000000002
26.435000000000002
26.435000000000002
26.435000000000002
26.435000000000002
26.435000000000002
26.435000000000002
26.435000000000002
26.435000000000002
26.435000000000002
26.435000000000002
26.435000000000002
26.435000000000002
26.435000000000002
26.435000000000002
26.435000000000002
26.435000000000002
26.435000000000002
26.435000000000002
26.435000000000002
26.435000000000002
26.435000000000002
26.435000000000002
26.435000000000002
26.435000000000002
26.435000000000002
26.435000000000002
26.435000000000002
26.435000000000002
26.435000000000002
26.435000000000002
26.435000000000002
26.435000000000002
26.435000000000002
26.435000000000002
26.435000000000002
26.435000000000002
26.435000000000002
26.435000000000002
26.435000000000002
26.435000000000002
26.435000000000002
26.435000000000002
26.435000000000002
26.435000000000002
26.435000000000002
26.435000000000002
26.435000000000002
26.435000000000002
26.435000000000002
26.435000000000002
26.435000000000002
26.435000000000002
26.435000000000002
26.435000000000002
26.435000000000002
26.435000000000002
26.435000000000002
26.435000000000002
26.435000000000002
26.435000000000002
26.435000000000002
26.435000000000002
26.435000000000002
26.435000000000002
26.435000000000002
26.435000000000002
26.435000000000002
26.435000000000002
26.435000000000002
26.435000000000002
26.435000000000002
26.435000000000002
26.435000000000002
26.435000000000002
26.435000000000002
26.435000000000002
26.435000000000002
26.435000000000002
26.435000000000002
26.435000000000002
26.435000000000002
26.435000000000002
26.435000000000002
26.435000000000002
26.435000000000002
26.435000000000002
26.435000000000002
26.435000000000002
26.435000000000002
26.435000000000002
26.435000000000002
26.435000000000002
26.435000000000002
26.435000000000002
26.435000000000002
26.435000000000002
26.435000000000002
26.435000000000002
26.435000000000002
26.435000000000002
26.435000000000002
26.435000000000002
26.435000000000002
26.435000000000002
26.435000000000002
26.435000000000002
26.435000000000002
26.435000000000002
26.435000000000002
26.435000000000002
26.435000000000002
26.435000000000002
26.435000000000002
26.435000000000002
26.435000000000002
26.435000000000002
26.435000000000002
26.435000000000002
26.435000000000002
26.435000000000002
26.435000000000002
26.435000000000002
26.435000000000002
26.435000000000002
26.435000000000002
26.435000000000002
26.435000000000002
26.435000000000002
26.435000000000002
26.435000000000002
26.435000000000002
26.435000000000002
26.435000000000002
26.435000000000002
26.435000000000002
26.435000000000002
26.435000000000002
26.435000000000002
26.435000000000002
26.435000000000002
26.435000000000002
26.435000000000002
26.435000000000002
26.435000000000002
26.435000000000002
26.435000000000002
26.435000000000002
26.435000000000002
26.435000000000002
26.435000000000002
26.435000000000002
26.435000000000002
26.435000000000002
26.435000000000002
26.435000000000002
26.435000000000002
26.435000000000002
26.435000000000002
26.435000000000002
26.435000000000002
26.435000000000002
26.435000000000002
26.435000000000002
26.435000000000002
26.435000000000002
26.435000000000002
26.435000000000002
26.435000000000002
26.435000000000002
26.435000000000002
26.435000000000002
26.435000000000002
26.435000000000002
26.435000000000002
26.435000000000002
26.435000000000002
26.435000000000002
26.435000000000002
26.435000000000002
26.435000000000002
26.435000000000002
26.435000000000002
26.435000000000002
26.435000000000002
26.435000000000002
26.435000000000002
26.435000000000002
26.435000000000002
26.435000000000002
26.435000000000002
26.435000000000002
26.435000000000002
26.435000000000002
26.435000000000002
26.435000000000002
26.435000000000002
26.435000000000002
26.435000000000002
26.435000000000002
26.435000000000002
26.435000000000002
26.435000000000002
26.435000000000002
26.435000000000002
26.435000000000002
26.435000000000002
26.435000000000002
26.435000000000002
26.435000000000002
26.435000000000002
26.435000000000002
26.435000000000002
26.435000000000002
26.435000000000002
26.435000000000002
26.435000000000002
26.435000000000002
26.435000000000002
26.435000000000002
26.435000000000002
26.435000000000002
26.435000000000002
26.435000000000002
26.435000000000002
26.435000000000002
26.435000000000002
26.435000000000002
26.435000000000002
26.435000000000002
26.435000000000002
26.435000000000002
26.435000000000002
26.435000000000002
26.435000000000002
26.435000000000002
26.435000000000002
26.435000000000002
26.435000000000002
26.435000000000002
26.435000000000002
26.435000000000002
26.435000000000002
26.435000000000002
26.435000000000002
26.435000000000002
26.435000000000002
26.435000000000002
26.435000000000002
26.435000000000002
26.435000000000002
26.435000000000002
26.435000000000002
26.435000000000002
26.435000000000002
26.435000000000002
26.435000000000002
26.435000000000002
26.435000000000002
26.435000000000002
26.435000000000002
26.435000000000002
26.435000000000002
26.435000000000002
26.435000000000002
26.435000000000002
26.435000000000002
26.435000000000002
26.435000000000002
26.435000000000002
26.435000000000002
26.435000000000002
26.435000000000002
26.435000000000002
26.435000000000002
26.435000000000002
26.435000000000002
26.435000000000002
26.435000000000002
26.435000000000002
26.435000000000002
26.435000000000002
26.435000000000002
26.435000000000002
26.435000000000002
26.435000000000002
26.435000000000002
26.435000000000002
26.435000000000002
26.435000000000002
26.435000000000002
26.435000000000002
26.435000000000002
26.435000000000002
26.435000000000002
26.435000000000002
26.435000000000002
26.435000000000002
26.435000000000002
26.435000000000002
26.435000000000002
26.435000000000002
26.435000000000002
26.435000000000002
26.435000000000002
26.435000000000002
26.435000000000002
26.435000000000002
26.435000000000002
26.435000000000002
26.435000000000002
26.435000000000002
26.435000000000002
26.435000000000002
26.435000000000002
26.435000000000002
26.435000000000002
26.435000000000002
26.435000000000002
26.435000000000002
26.435000000000002
26.435000000000002
26.435000000000002
26.435000000000002
26.435000000000002
26.435000000000002
26.435000000000002
26.435000000000002
26.435000000000002
26.435000000000002
26.435000000000002
26.435000000000002
26.435000000000002
26.435000000000002
26.435000000000002
26.435000000000002
26.435000000000002
26.435000000000002
26.435000000000002
26.435000000000002
26.435000000000002
26.435000000000002
26.435000000000002
26.435000000000002
26.435000000000002
26.435000000000002
26.435000000000002
26.435000000000002
26.435000000000002
26.435000000000002
26.435000000000002
26.435000000000002
26.435000000000002
26.435000000000002
26.435000000000002
26.435000000000002
26.435000000000002
26.435000000000002
26.435000000000002
26.435000000000002
26.435000000000002
26.435000000000002
26.435000000000002
26.435000000000002
26.435000000000002
26.435000000000002
26.435000000000002
26.435000000000002
26.435000000000002
26.435000000000002
26.435000000000002
26.435000000000002
26.435000000000002
26.435000000000002
26.435000000000002
26.435000000000002
26.435000000000002
26.435000000000002
26.435000000000002
26.435000000000002
26.435000000000002
26.435000000000002
26.435000000000002
26.435000000000002
26.435000000000002
26.435000000000002
26.435000000000002
26.435000000000002
26.435000000000002
26.435000000000002
26.435000000000002
26.435000000000002
26.435000000000002
26.435000000000002
26.435000000000002
26.435000000000002
26.435000000000002
26.435000000000002
26.435000000000002
26.435000000000002
26.435000000000002
26.435000000000002
26.435000000000002
26.435000000000002
26.435000000000002
26.435000000000002
26.435000000000002
26.435000000000002
26.435000000000002
26.435000000000002
26.435000000000002
26.435000000000002
26.435000000000002
26.435000000000002
26.435000000000002
26.435000000000002
26.435000000000002
26.435000000000002
26.435000000000002
26.435000000000002
26.435000000000002
26.435000000000002
26.435000000000002
26.435000000000002
26.435000000000002
26.435000000000002
26.435000000000002
26.435000000000002
26.435000000000002
26.435000000000002
26.435000000000002
26.435000000000002
26.435000000000002
26.435000000000002
26.435000000000002
26.435000000000002
26.435000000000002
26.435000000000002
26.435000000000002
26.435000000000002
26.435000000000002
26.435000000000002
26.435000000000002
26.435000000000002
26.435000000000002
26.435000000000002
26.435000000000002
26.435000000000002
26.435000000000002
26.435000000000002
26.435000000000002
26.435000000000002
26.435000000000002
26.435000000000002
26.435000000000002
26.435000000000002
26.435000000000002
26.435000000000002
26.435000000000002
26.435000000000002
26.435000000000002
26.435000000000002
26.435000000000002
26.435000000000002
26.435000000000002
26.435000000000002
26.435000000000002
26.435000000000002
26.435000000000002
26.435000000000002
26.435000000000002
26.435000000000002
26.435000000000002
26.435000000000002
26.435000000000002
26.435000000000002
26.435000000000002
26.435000000000002
26.435000000000002
26.435000000000002
26.435000000000002
26.435000000000002
26.435000000000002
26.435000000000002
26.435000000000002
26.435000000000002
26.435000000000002
26.435000000000002
26.435000000000002
26.435000000000002
26.435000000000002
26.435000000000002
26.435000000000002
26.435000000000002
26.435000000000002
26.435000000000002
26.435000000000002
26.435000000000002
26.435000000000002
26.435000000000002
26.435000000000002
26.435000000000002
26.435000000000002
26.435000000000002
26.435000000000002
26.435000000000002
26.435000000000002
26.435000000000002
26.435000000000002
26.435000000000002
26.435000000000002
26.435000000000002
26.435000000000002
26.435000000000002
26.435000000000002
26.435000000000002
26.435000000000002
26.435000000000002
26.435000000000002
26.435000000000002
26.435000000000002
26.435000000000002
26.435000000000002
26.435000000000002
26.435000000000002
26.435000000000002
26.435000000000002
26.435000000000002
26.435000000000002
26.435000000000002
26.435000000000002
26.435000000000002
26.435000000000002
26.435000000000002
26.435000000000002
26.435000000000002
26.435000000000002
26.435000000000002
26.435000000000002
26.435000000000002
26.435000000000002
26.435000000000002
26.435000000000002
26.435000000000002
26.435000000000002
26.435000000000002
26.435000000000002
26.435000000000002
26.435000000000002
26.435000000000002
26.435000000000002
26.435000000000002
26.435000000000002
26.435000000000002
26.435000000000002
26.435000000000002
26.435000000000002
26.435000000000002
26.435000000000002
26.435000000000002
26.435000000000002
26.435000000000002
26.435000000000002
26.435000000000002
26.435000000000002
26.435000000000002
26.435000000000002
26.435000000000002
26.435000000000002
26.435000000000002
26.435000000000002
26.435000000000002
26.435000000000002
26.435000000000002
26.435000000000002
26.435000000000002
26.435000000000002
26.435000000000002
26.435000000000002
26.435000000000002
26.435000000000002
26.435000000000002
26.435000000000002
26.435000000000002
26.435000000000002
26.435000000000002
26.435000000000002
26.435000000000002
26.435000000000002
26.435000000000002
26.435000000000002
26.435000000000002
26.435000000000002
26.435000000000002
26.435000000000002
26.435000000000002
26.435000000000002
26.435000000000002
26.435000000000002
26.435000000000002
26.435000000000002
26.435000000000002
26.435000000000002
26.435000000000002
26.435000000000002
26.435000000000002
26.435000000000002
26.435000000000002
26.435000000000002
26.435000000000002
26.435000000000002
26.435000000000002
26.435000000000002
26.435000000000002
26.435000000000002
26.435000000000002
26.435000000000002
26.435000000000002
26.435000000000002
26.435000000000002
26.435000000000002
26.453000000000003
26.453000000000003
26.453000000000003
26.453000000000003
26.453000000000003
26.453000000000003
26.453000000000003
26.453000000000003
26.453000000000003
26.453000000000003
26.453000000000003
26.453000000000003
26.453000000000003
26.453000000000003
26.453000000000003
26.453000000000003
26.453000000000003
26.453000000000003
26.453000000000003
26.453000000000003
26.453000000000003
26.453000000000003
26.453000000000003
26.453000000000003
26.453000000000003
26.453000000000003
26.453000000000003
26.453000000000003
26.453000000000003
26.453000000000003
26.453000000000003
26.453000000000003
26.453000000000003
26.453000000000003
26.453000000000003
26.453000000000003
26.453000000000003
26.453000000000003
26.453000000000003
26.453000000000003
26.453000000000003
26.453000000000003
26.453000000000003
26.453000000000003
26.453000000000003
26.453000000000003
26.453000000000003
26.453000000000003
26.453000000000003
26.453000000000003
26.453000000000003
26.453000000000003
26.453000000000003
26.453000000000003
26.453000000000003
26.453000000000003
26.453000000000003
26.453000000000003
26.453000000000003
26.453000000000003
26.453000000000003
26.453000000000003
26.453000000000003
26.453000000000003
26.453000000000003
26.453000000000003
26.453000000000003
26.453000000000003
26.453000000000003
26.453000000000003
26.453000000000003
26.453000000000003
26.453000000000003
26.453000000000003
26.453000000000003
26.453000000000003
26.453000000000003
26.453000000000003
26.453000000000003
26.453000000000003
26.453000000000003
26.453000000000003
26.453000000000003
26.453000000000003
26.453000000000003
26.453000000000003
26.453000000000003
26.453000000000003
26.453000000000003
26.453000000000003
26.453000000000003
26.453000000000003
26.453000000000003
26.453000000000003
26.453000000000003
26.453000000000003
26.453000000000003
26.453000000000003
26.453000000000003
26.453000000000003
26.453000000000003
26.453000000000003
26.453000000000003
26.453000000000003
26.453000000000003
26.453000000000003
26.453000000000003
26.453000000000003
26.453000000000003
26.453000000000003
26.453000000000003
26.453000000000003
26.453000000000003
26.453000000000003
26.453000000000003
26.453000000000003
26.453000000000003
26.453000000000003
26.453000000000003
26.453000000000003
26.453000000000003
26.453000000000003
26.453000000000003
26.453000000000003
26.453000000000003
26.453000000000003
26.453000000000003
26.453000000000003
26.453000000000003
26.453000000000003
26.453000000000003
26.453000000000003
26.453000000000003
26.453000000000003
26.453000000000003
26.453000000000003
26.453000000000003
26.453000000000003
26.453000000000003
26.453000000000003
26.453000000000003
26.453000000000003
26.453000000000003
26.453000000000003
26.453000000000003
26.453000000000003
26.453000000000003
26.453000000000003
26.453000000000003
26.453000000000003
26.453000000000003
26.453000000000003
26.453000000000003
26.453000000000003
26.453000000000003
26.453000000000003
26.453000000000003
26.453000000000003
26.453000000000003
26.453000000000003
26.453000000000003
26.453000000000003
26.453000000000003
26.453000000000003
26.453000000000003
26.453000000000003
26.453000000000003
26.453000000000003
26.453000000000003
26.453000000000003
26.453000000000003
26.453000000000003
26.453000000000003
26.453000000000003
26.453000000000003
26.453000000000003
26.453000000000003
26.453000000000003
26.453000000000003
26.453000000000003
26.453000000000003
26.453000000000003
26.453000000000003
26.453000000000003
26.453000000000003
26.453000000000003
26.453000000000003
26.453000000000003
26.453000000000003
26.453000000000003
26.453000000000003
26.453000000000003
26.453000000000003
26.453000000000003
26.453000000000003
26.453000000000003
26.453000000000003
26.453000000000003
26.453000000000003
26.453000000000003
26.453000000000003
26.453000000000003
26.453000000000003
26.453000000000003
26.453000000000003
26.453000000000003
26.453000000000003
26.453000000000003
26.453000000000003
26.453000000000003
26.453000000000003
26.453000000000003
26.453000000000003
26.453000000000003
26.453000000000003
26.453000000000003
26.453000000000003
26.453000000000003
26.453000000000003
26.453000000000003
26.453000000000003
26.453000000000003
26.453000000000003
26.453000000000003
26.453000000000003
26.453000000000003
