8.16
8.252999999999997
8.307999999999998
8.364999999999998
8.457
8.475
8.622
8.659
8.732000000000001
8.934999999999999
9.063999999999998
9.12
9.174999999999999
9.358
9.467999999999998
9.542
9.818000000000001
9.891
9.964
10.038
10.093
10.148
10.221
10.311999999999998
10.439999999999998
10.568999999999999
10.624
10.752999999999998
10.79
10.809
10.883
10.956
11.121
11.194000000000003
11.212
11.212
11.212
11.377
11.561000000000003
11.615
11.800000000000002
11.948
12.004000000000001
12.059
12.114
12.151
12.261
12.335
12.389999999999999
12.445
12.537
12.556000000000001
12.667
12.704
12.831999999999999
12.904999999999998
13.014999999999997
13.199000000000002
13.236
13.273000000000001
13.309999999999999
13.309999999999999
13.366
13.437999999999999
13.511999999999997
13.547999999999998
13.604
13.677000000000001
13.715
13.752
13.825
13.898
14.062999999999999
14.136999999999997
14.229000000000003
14.284000000000002
14.302000000000001
14.393
14.503000000000004
14.522000000000002
14.540000000000001
14.65
14.780000000000001
14.817000000000002
14.909
15.037
15.13
15.148000000000001
15.314000000000002
15.460000000000003
15.515
15.568999999999999
15.623999999999999
15.733999999999998
15.844
15.844
15.899000000000001
15.953999999999999
16.175000000000004
16.194000000000003
16.232000000000003
16.268000000000004
16.323000000000004
16.488
16.544
16.563
16.637
16.839
16.931
16.967
17.131
17.223
17.241999999999997
17.241999999999997
17.389
17.482
17.538
17.63
17.685
17.739
17.906
17.961000000000002
17.979000000000003
18.016000000000002
18.052
18.107000000000003
18.143
18.288999999999998
18.363999999999997
18.401
18.512
18.566999999999997
18.675999999999995
18.767999999999997
18.823
18.915
18.970999999999997
19.061999999999998
19.226999999999997
19.282999999999998
19.336999999999996
19.429
19.485000000000003
19.613
19.686
19.76
19.76
19.814999999999998
20.037
20.092000000000002
20.220999999999997
20.368000000000002
20.497
20.551000000000002
20.551000000000002
20.661000000000005
20.716000000000005
20.808
20.956000000000003
21.011
21.085
21.103
21.250999999999998
21.636999999999997
21.654999999999998
21.766
21.785
21.895
22.059
22.114
22.133000000000003
22.225
22.262000000000004
22.445
22.463
22.481
22.647000000000002
22.666000000000004
22.758
22.924
23.032999999999998
23.07
23.125
23.162
23.198999999999998
23.326
23.345
23.492
23.584
23.676000000000002
23.787
23.861
23.916
23.990000000000002
24.137
24.155
24.375999999999998
24.542
24.596999999999998
24.596999999999998
24.615
24.707
24.707
24.799
24.872000000000003
24.963
24.999000000000002
25.018
25.183
25.220000000000002
25.313
25.424
25.497
25.588
25.625
25.662
25.791999999999994
25.919999999999998
25.974
26.01
26.028
26.064
26.139
26.287
26.451999999999998
26.525
26.636000000000003
26.764
26.838
26.893
27.022000000000002
27.022000000000002
27.095
27.206
27.28
27.372000000000003
27.427
27.538
27.593
27.666000000000004
27.758
27.794999999999998
27.904000000000003
28.015000000000004
28.107
28.107
28.145000000000003
28.290000000000003
28.290000000000003
28.346000000000004
28.456000000000007
28.602999999999998
28.658000000000005
28.75
28.823
28.840999999999998
28.951999999999998
29.097999999999995
29.133999999999997
29.189999999999998
29.338
29.429999999999996
29.485999999999997
29.503999999999998
29.558999999999997
29.595999999999997
29.669
29.742
29.814999999999998
29.944
29.980999999999995
30.055
30.166000000000004
30.183999999999997
30.368000000000002
30.422000000000004
30.514
30.514
30.624000000000002
30.808999999999997
30.826999999999998
30.939
30.939
31.049
31.142000000000003
31.233000000000004
31.307
31.416999999999994
31.435000000000002
31.582000000000004
31.709000000000003
31.709000000000003
31.746000000000002
31.818
31.874000000000002
31.948
32.132
32.206
32.244
32.281
32.318
32.318
32.409
32.51899999999999
32.574
32.757999999999996
32.813
32.849000000000004
32.885000000000005
32.885000000000005
33.032000000000004
33.032000000000004
33.107000000000006
33.125
33.255
33.327000000000005
33.327000000000005
33.381
33.437
33.528
33.64
33.69500000000001
33.75
33.80499999999999
33.878
33.934
34.062
34.099000000000004
34.211
34.211
34.211
34.284
34.30200000000001
34.395
34.395
34.487
34.577999999999996
34.669000000000004
34.725
34.798
34.835
34.872
35.00099999999999
35.056999999999995
35.147999999999996
35.202999999999996
35.202999999999996
35.294999999999995
35.332
35.332
35.422999999999995
35.513999999999996
35.587999999999994
35.62499999999999
35.642999999999994
35.808
35.864
35.864
35.900999999999996
35.92
35.957
36.049
36.122
36.176
36.25
36.306
36.379
36.452999999999996
36.525
36.617000000000004
36.617000000000004
36.709999999999994
36.709999999999994
36.765
36.803
36.82099999999999
36.85699999999999
36.913000000000004
36.986000000000004
37.02300000000001
37.078
37.187000000000005
37.224000000000004
37.242000000000004
37.315000000000005
37.351
37.37
37.445
37.573
37.647000000000006
37.831
37.831
37.885999999999996
37.940999999999995
37.997
38.034
38.05199999999999
38.10799999999999
38.10799999999999
38.199
38.235
38.272
38.291
38.309999999999995
38.346999999999994
38.402
38.421
38.495
38.495
38.622
38.695
38.714
38.787
38.843
38.843
38.898
38.934
39.027
39.082
39.174
39.192
39.246
39.301
39.301
39.338
39.375
39.43
39.541000000000004
39.596000000000004
39.596000000000004
39.615
39.669
39.74300000000001
39.83500000000001
39.83500000000001
39.85300000000001
39.982000000000006
40.073
40.092000000000006
40.147000000000006
40.147000000000006
40.166000000000004
40.203
40.239
40.275
40.275
40.29299999999999
40.403999999999996
40.403999999999996
40.458
40.513999999999996
40.588
40.588
40.625
40.643
40.643
40.678999999999995
40.751999999999995
40.825
40.843
40.88
40.899
40.899
40.936
40.936
41.029
41.047
41.102999999999994
41.120999999999995
41.14
41.177
41.177
41.195
41.213
41.286
41.323
41.323
41.36
41.36
41.36
41.36
41.36
41.415
41.452
41.452
41.471000000000004
41.471000000000004
41.507000000000005
41.544
41.544
41.544
41.544
41.63600000000001
41.655
41.655
41.655
41.693000000000005
41.693000000000005
41.693000000000005
41.711000000000006
41.729000000000006
41.729000000000006
41.747
41.765
41.783
41.801
41.801
41.801
41.801
41.857
41.857
41.875
41.875
41.875
41.893
41.893
41.893
41.893
41.893
41.912
41.931
41.931
41.931
41.931
41.968
41.968
41.986000000000004
41.986000000000004
41.986000000000004
41.986000000000004
41.986000000000004
42.004000000000005
42.004000000000005
42.004000000000005
42.004000000000005
42.022000000000006
42.041000000000004
42.06
42.06
42.06
42.06
42.06
42.06
42.078
42.078
42.078
42.096
42.096
42.096
42.096
42.114
42.114
42.114
42.133
42.133
42.133
42.133
42.133
42.133
42.133
42.133
42.133
42.133
42.151
42.151
42.151
42.151
42.151
42.151
42.151
42.151
42.151
42.169
42.169
42.169
42.169
42.169
42.169
42.169
42.169
42.169
42.169
42.169
42.169
42.169
42.169
42.169
42.169
42.169
42.169
42.169
42.169
42.169
42.169
42.169
42.169
42.169
42.169
42.169
42.169
42.169
42.169
42.169
42.169
42.169
42.169
42.169
42.169
42.169
42.169
42.169
42.169
42.169
42.169
42.169
42.169
42.169
42.169
42.169
42.169
42.169
42.169
42.169
42.169
42.169
42.169
42.169
42.169
42.169
42.169
42.169
42.169
42.169
42.169
42.169
42.169
42.169
42.169
42.169
42.169
42.169
42.169
42.169
42.169
42.169
42.169
42.169
42.169
42.169
42.169
42.169
42.169
42.169
42.169
42.169
42.169
42.169
42.169
42.169
42.169
42.169
42.169
42.169
42.169
42.169
42.169
42.169
42.169
42.169
42.169
42.169
42.169
42.169
42.169
42.169
42.169
42.169
42.169
42.169
42.169
42.169
42.169
42.169
42.169
42.169
42.169
42.169
42.169
42.169
42.169
42.169
42.169
42.169
42.169
42.169
42.169
42.169
42.169
42.169
42.169
42.169
42.169
42.169
42.169
42.187
42.187
42.187
42.187
42.187
42.187
42.187
42.187
42.187
42.187
42.187
42.187
42.187
42.187
42.187
42.187
42.187
42.187
42.187
42.187
42.187
42.187
42.187
42.187
42.187
42.187
42.187
42.187
42.187
42.187
42.205000000000005
42.205000000000005
42.205000000000005
42.205000000000005
42.205000000000005
42.205000000000005
42.205000000000005
42.205000000000005
42.205000000000005
42.205000000000005
42.205000000000005
42.205000000000005
42.205000000000005
42.205000000000005
42.205000000000005
42.205000000000005
42.205000000000005
42.205000000000005
42.205000000000005
42.205000000000005
42.205000000000005
42.205000000000005
42.205000000000005
42.205000000000005
42.205000000000005
42.205000000000005
42.205000000000005
42.205000000000005
42.205000000000005
42.205000000000005
42.205000000000005
42.205000000000005
42.205000000000005
42.205000000000005
42.205000000000005
42.205000000000005
42.205000000000005
42.205000000000005
42.205000000000005
42.205000000000005
42.205000000000005
42.205000000000005
42.205000000000005
42.205000000000005
42.205000000000005
42.205000000000005
42.205000000000005
42.205000000000005
42.205000000000005
42.223
42.223
42.223
42.223
42.223
42.223
42.223
42.223
42.223
42.223
42.223
42.223
42.223
42.223
42.223
42.223
42.223
42.223
42.223
42.223
42.223
42.223
42.223
42.223
42.223
42.223
42.223
42.223
42.223
42.223
42.223
42.223
42.223
42.223
42.223
42.223
42.223
42.223
42.223
42.223
42.223
42.223
42.223
42.223
42.223
42.223
42.223
42.223
42.223
42.223
42.223
42.223
42.223
42.223
42.223
42.223
42.223
42.223
42.223
42.223
42.223
42.223
42.223
42.223
42.223
42.223
42.223
42.223
42.223
42.223
42.223
42.223
42.223
42.223
42.223
42.223
42.223
42.223
42.223
42.223
42.223
42.223
42.223
42.223
42.223
42.223
42.223
42.223
42.223
42.223
42.223
42.223
42.223
42.223
42.223
42.223
42.223
42.223
42.223
42.223
42.223
42.223
42.223
42.223
42.223
42.223
42.223
42.223
42.223
42.223
42.223
42.223
42.223
42.223
42.223
42.223
42.223
42.223
42.223
42.223
42.223
42.223
42.223
42.223
42.223
42.223
42.223
42.223
42.223
42.223
42.223
42.223
42.223
42.223
42.223
42.223
42.223
42.223
42.223
42.223
42.223
42.223
42.223
42.223
42.223
42.223
42.223
42.223
42.223
42.223
42.241
42.241
42.241
42.241
42.241
42.241
42.241
42.241
42.241
42.241
42.241
42.241
42.241
42.241
42.241
42.241
42.241
42.241
42.241
42.241
42.241
42.241
42.241
42.241
42.241
42.241
42.241
42.241
42.241
42.241
42.241
42.241
42.241
42.241
42.241
42.241
42.241
42.241
42.241
42.241
42.241
42.241
42.241
42.241
42.241
42.241
42.241
42.241
42.241
42.241
42.241
42.241
42.241
42.241
42.241
42.241
42.241
42.241
42.241
42.241
42.241
42.241
42.241
42.241
42.241
42.241
42.241
