8.105
8.456
8.622
8.879000000000001
8.898
9.026
9.228
9.377
9.578999999999999
9.743
9.835999999999999
9.909
10.072999999999999
10.165000000000001
10.368
10.514
10.550999999999998
10.607
10.680000000000001
10.809000000000001
10.956
11.011
11.049000000000001
11.157999999999998
11.285
11.360000000000001
11.415000000000001
11.543000000000001
11.709
11.8
11.947000000000001
12.132000000000001
12.353
12.353
12.463
12.518
12.555000000000001
12.592000000000002
12.628000000000002
12.812000000000003
12.887
12.942000000000002
12.942000000000002
13.051999999999998
13.309000000000001
13.382
13.419
13.639
13.785999999999998
13.914999999999997
13.950999999999999
13.988
14.062000000000001
14.136
14.3
14.410000000000002
14.410000000000002
14.429000000000002
14.520999999999997
14.651
14.669
14.797
15.0
15.037
15.111
15.258999999999997
15.294999999999998
15.294999999999998
15.386
15.532999999999998
15.625
15.718
15.735999999999999
15.865
15.993999999999996
16.122999999999998
16.122999999999998
16.142
16.343
16.508000000000003
16.619
16.692
16.766
16.802999999999997
16.858999999999998
16.930999999999997
16.948999999999998
17.003
17.188
17.225
17.354
17.463
17.573
17.646
17.682000000000002
17.738
17.886000000000003
17.942
18.014999999999997
18.252999999999997
18.327999999999996
18.421
18.494999999999997
18.55
18.568
18.77
18.806
18.842
18.953
19.082
19.173000000000002
19.265
19.393
19.559
19.651
19.669
19.761000000000003
19.779000000000003
19.814999999999998
19.982
20.035999999999998
20.22
20.256999999999998
20.33
20.534
20.625999999999998
20.791
20.827
20.919
21.012
21.122000000000003
21.177000000000003
21.380000000000003
21.435
21.454
21.491
21.655
21.746
21.839
21.894
22.225
22.298
22.354
22.427
22.573
22.609
22.646
22.646
22.866000000000003
22.995000000000005
23.143000000000004
23.181000000000004
23.218
23.437999999999995
23.549
23.621999999999996
23.657999999999998
23.677
23.787
23.897
23.952
24.246000000000002
24.356
24.43
24.559
24.559
24.65
24.761000000000003
24.926
24.962
25.109
25.146000000000004
25.220000000000002
25.257
25.423
25.534
25.59
25.682
25.938000000000006
26.139
26.214000000000006
26.324
26.398000000000003
26.453000000000003
26.544999999999998
26.544999999999998
26.727000000000004
26.894000000000005
26.912000000000006
26.931000000000004
27.040999999999997
27.059999999999995
27.223999999999997
27.315999999999995
27.426
27.593
27.648000000000003
27.684999999999995
27.813
28.034
28.162
28.292
28.311
28.311
28.512
28.622000000000003
28.695000000000004
28.842000000000002
28.878999999999998
29.006
29.006
29.078999999999997
29.116999999999997
29.282999999999998
29.559000000000005
29.577000000000005
29.743000000000002
29.743000000000002
29.944
29.98
30.017000000000003
30.073
30.259000000000004
30.313
30.442
30.479000000000003
30.62499999999999
30.734999999999992
30.808999999999997
30.954999999999995
31.121
31.139
31.157999999999998
31.195
31.395999999999997
31.506
31.671999999999997
31.781
31.818
31.964999999999996
32.058
32.169
32.335
32.354
32.409000000000006
32.537
32.574
32.703
32.81400000000001
32.905
33.034000000000006
33.071000000000005
33.144000000000005
33.272
33.512
33.638999999999996
33.78600000000001
33.878
33.915
34.04299999999999
34.136
34.15500000000001
34.15500000000001
34.266
34.339
34.504000000000005
34.504000000000005
34.632
34.760000000000005
34.79600000000001
34.89
34.963
34.981
35.147000000000006
35.259
35.388
35.497
35.534
35.755
35.84600000000001
35.902
36.048
36.141000000000005
36.21399999999999
36.306
36.43299999999999
36.489
36.690999999999995
36.78399999999999
36.82099999999999
37.004
37.04
37.13099999999999
37.187
37.279999999999994
37.372
37.482
37.592
37.665000000000006
37.72
37.849000000000004
37.976000000000006
37.99400000000001
38.087
38.142
38.233999999999995
38.29
38.346
38.457
38.529
38.67700000000001
38.787000000000006
38.916000000000004
39.025000000000006
39.175000000000004
39.303000000000004
39.377
39.45
39.522999999999996
39.559
39.632
39.724000000000004
39.81600000000001
39.943999999999996
39.98199999999999
40.056
40.14699999999999
40.239
40.257999999999996
40.330999999999996
40.440999999999995
40.477999999999994
40.552
40.62499999999999
40.66199999999999
40.884
40.992000000000004
41.029
41.123000000000005
41.178000000000004
41.234
41.269999999999996
41.416000000000004
41.471000000000004
41.489000000000004
41.655
41.692
41.93
42.04
42.15
42.204
42.223
42.279
42.373000000000005
42.483000000000004
42.537
42.629
42.66700000000001
42.777
42.86900000000001
42.887
43.06999999999999
43.123999999999995
43.17999999999999
43.34499999999999
43.455
43.492
43.64
43.658
43.80499999999999
43.86
43.934
43.989
44.118
44.21
44.229
44.285000000000004
44.394
44.412
44.467000000000006
44.504000000000005
44.61300000000001
44.688
44.742000000000004
44.83500000000001
44.92700000000001
45.0
45.12800000000001
45.18300000000001
45.293
45.385
45.477000000000004
45.552
45.644
45.67999999999999
45.753
45.809
45.937999999999995
45.974999999999994
45.99399999999999
46.084999999999994
46.19599999999999
46.251
46.342999999999996
46.435
46.509
46.527
46.619
46.655
46.728
46.783
46.838
46.911
47.039
47.07600000000001
47.150000000000006
47.27900000000001
47.335
47.335
47.426
47.498000000000005
47.554
47.647000000000006
47.702000000000005
47.794
47.813
47.849000000000004
47.886
48.015
48.052
48.107
48.179
48.253
48.272000000000006
48.34499999999999
48.492
48.547000000000004
48.584
48.584
48.641000000000005
48.787000000000006
48.841
48.878
48.897000000000006
48.969
48.988
49.044
49.13599999999999
49.24499999999999
49.282
49.300999999999995
49.318999999999996
49.373999999999995
49.410999999999994
49.576
49.649
49.705
49.724000000000004
49.760000000000005
49.815000000000005
49.852
49.908
50.01899999999999
50.037
50.074
50.129
50.166
50.239999999999995
50.239999999999995
50.296
50.333
50.369
50.46
50.496
50.552
50.552
50.66199999999999
50.717999999999996
50.791
50.846
50.900999999999996
50.900999999999996
50.956
50.974000000000004
51.066
51.14
51.159000000000006
51.159000000000006
51.19500000000001
51.213
51.249
51.285000000000004
51.303
51.359
51.359
51.378
51.452999999999996
51.489999999999995
51.527
51.527
51.545
51.6
51.637
51.65500000000001
51.673
51.673
51.673
51.673
51.709
51.76500000000001
51.80100000000001
51.819
51.875
51.875
51.894000000000005
51.894000000000005
51.913
51.949
51.949
51.967000000000006
52.022000000000006
52.040000000000006
52.040000000000006
52.040000000000006
52.040000000000006
52.07700000000001
52.095000000000006
52.095000000000006
52.15100000000001
52.15100000000001
52.169000000000004
52.187
52.206
52.206
52.22500000000001
52.22500000000001
52.24300000000001
52.261
52.298
52.298
52.315999999999995
52.315999999999995
52.352999999999994
52.371
52.371
52.371
52.408
52.408
52.408
52.427
52.427
52.446000000000005
52.482000000000006
52.501
52.51899999999999
52.537
52.537
52.55499999999999
52.55499999999999
52.573
52.573
52.573
52.573
52.573
52.573
52.573
52.573
52.61
52.61
52.61
52.61
52.61
52.628
52.647000000000006
52.665
52.665
52.68300000000001
52.702
52.702
52.702
52.738
52.738
52.738
52.738
52.738
52.738
52.738
52.75699999999999
52.75699999999999
52.75699999999999
52.75699999999999
52.79299999999999
52.79299999999999
52.79299999999999
52.812
52.812
52.831
52.831
52.831
52.831
52.831
52.831
52.831
52.831
52.831
52.849000000000004
52.849000000000004
52.849000000000004
52.849000000000004
52.849000000000004
52.849000000000004
52.885000000000005
52.885000000000005
52.885000000000005
52.885000000000005
52.885000000000005
52.885000000000005
52.885000000000005
52.885000000000005
52.885000000000005
52.885000000000005
52.885000000000005
52.903
52.922000000000004
52.922000000000004
52.922000000000004
52.922000000000004
52.922000000000004
52.922000000000004
52.922000000000004
52.922000000000004
52.940999999999995
52.940999999999995
52.940999999999995
52.940999999999995
52.940999999999995
52.940999999999995
52.940999999999995
52.959999999999994
52.959999999999994
52.959999999999994
52.959999999999994
52.959999999999994
52.959999999999994
52.979
52.998000000000005
52.998000000000005
52.998000000000005
52.998000000000005
53.016
53.016
53.016
53.016
53.016
53.03399999999999
53.03399999999999
53.03399999999999
53.03399999999999
53.052
53.052
53.052
53.06999999999999
53.06999999999999
53.06999999999999
53.06999999999999
53.06999999999999
53.06999999999999
53.06999999999999
53.08799999999999
53.08799999999999
53.08799999999999
53.08799999999999
53.124999999999986
53.124999999999986
53.124999999999986
53.124999999999986
53.124999999999986
53.124999999999986
53.142999999999994
53.142999999999994
53.142999999999994
53.142999999999994
53.142999999999994
53.142999999999994
53.142999999999994
53.19799999999999
53.19799999999999
53.19799999999999
53.19799999999999
53.19799999999999
53.215999999999994
53.215999999999994
53.23499999999999
53.23499999999999
53.23499999999999
53.23499999999999
53.254
53.254
53.254
53.272000000000006
53.272000000000006
53.272000000000006
53.272000000000006
53.29
53.30899999999999
53.327
53.327
53.327
53.327
53.327
53.327
53.327
53.327
53.327
53.327
53.34499999999999
53.34499999999999
53.34499999999999
53.34499999999999
53.34499999999999
53.34499999999999
53.34499999999999
53.34499999999999
53.34499999999999
53.34499999999999
53.34499999999999
53.34499999999999
53.34499999999999
53.34499999999999
53.363
53.38099999999999
53.38099999999999
53.41799999999999
53.41799999999999
53.41799999999999
53.41799999999999
53.41799999999999
53.41799999999999
53.41799999999999
53.43699999999999
53.43699999999999
53.43699999999999
53.43699999999999
53.455999999999996
53.455999999999996
53.455999999999996
53.455999999999996
53.455999999999996
53.455999999999996
53.455999999999996
53.455999999999996
53.455999999999996
53.455999999999996
53.455999999999996
53.455999999999996
53.455999999999996
53.492999999999995
53.51099999999999
53.51099999999999
53.51099999999999
53.51099999999999
53.51099999999999
53.51099999999999
53.51099999999999
53.51099999999999
53.51099999999999
53.51099999999999
53.528999999999996
53.528999999999996
53.528999999999996
53.528999999999996
53.528999999999996
53.528999999999996
53.528999999999996
53.54799999999999
53.565999999999995
53.565999999999995
53.565999999999995
53.565999999999995
53.565999999999995
53.584999999999994
53.584999999999994
53.584999999999994
53.584999999999994
53.584999999999994
53.584999999999994
53.584999999999994
53.602999999999994
53.602999999999994
53.620999999999995
53.620999999999995
53.620999999999995
53.620999999999995
53.620999999999995
53.620999999999995
53.676
53.676
53.676
53.676
53.676
53.676
53.676
53.676
53.712
53.712
53.712
53.75
53.75
53.75
53.75
53.75
53.75
53.76899999999999
53.76899999999999
53.80499999999999
53.823
53.823
53.840999999999994
53.840999999999994
53.840999999999994
53.840999999999994
53.858999999999995
53.858999999999995
53.858999999999995
53.858999999999995
53.858999999999995
53.858999999999995
53.858999999999995
53.858999999999995
53.895999999999994
53.895999999999994
53.895999999999994
53.895999999999994
53.895999999999994
53.895999999999994
53.895999999999994
53.914
53.914
53.914
53.914
53.931999999999995
53.931999999999995
53.931999999999995
53.931999999999995
53.931999999999995
53.931999999999995
53.931999999999995
53.931999999999995
53.931999999999995
53.931999999999995
53.931999999999995
53.951
53.951
53.951
53.951
53.970000000000006
53.989
53.989
53.989
53.989
53.989
53.989
53.989
53.989
53.989
53.989
53.989
53.989
53.989
53.989
53.989
53.989
54.00699999999999
54.00699999999999
54.00699999999999
54.00699999999999
54.00699999999999
54.00699999999999
54.00699999999999
54.00699999999999
54.00699999999999
54.00699999999999
54.00699999999999
54.00699999999999
54.00699999999999
54.025999999999996
54.025999999999996
54.045
54.045
54.045
54.045
54.063
54.063
54.063
54.063
54.063
54.063
54.080999999999996
54.080999999999996
54.080999999999996
54.080999999999996
54.09899999999999
54.09899999999999
54.09899999999999
54.09899999999999
54.117999999999995
54.117999999999995
54.117999999999995
54.117999999999995
54.117999999999995
54.137
54.137
54.137
54.137
54.137
54.137
54.137
54.137
54.137
54.137
54.137
54.137
54.137
54.154999999999994
54.154999999999994
54.154999999999994
54.154999999999994
54.154999999999994
54.154999999999994
54.154999999999994
54.154999999999994
54.154999999999994
54.154999999999994
54.154999999999994
54.154999999999994
54.154999999999994
54.154999999999994
54.154999999999994
54.154999999999994
54.154999999999994
54.154999999999994
54.154999999999994
54.154999999999994
54.154999999999994
54.154999999999994
54.154999999999994
54.154999999999994
54.154999999999994
54.173
54.173
54.190999999999995
54.190999999999995
54.190999999999995
54.190999999999995
54.190999999999995
54.190999999999995
54.190999999999995
54.190999999999995
54.190999999999995
54.190999999999995
54.190999999999995
54.190999999999995
54.190999999999995
54.190999999999995
54.190999999999995
54.190999999999995
54.209
54.227
54.227
54.227
54.227
54.246
54.246
54.246
54.246
54.246
54.246
54.246
54.246
54.246
54.263999999999996
54.263999999999996
54.283
54.283
54.283
54.283
54.283
54.283
54.283
54.283
54.283
54.283
54.283
54.283
54.283
54.283
54.302
54.302
54.321000000000005
54.321000000000005
